2
2
1
5
4
6
6
9
12
13
13
13
4
1
6
4
8
6
10
17
8
18
19
21
24
25
25
23
14
11
15
15
16
16
17
17
19
19
20
19
22
20
34
23
26
23
27
27
28
28
29
29
30
30
31
31
32
32
33
32
44
34
36
34
37
36
38
37
39
37
40
39
41
40
42
41
43
42
42
53
56
44
46
44
47
47
48
48
49
48
50
50
51
51
52
52
54
64
52
53
67
58
56
56
59
59
60
60
61
60
62
62
63
62
64
63
66
64
77
68
70
68
71
71
72
71
73
73
74
73
75
93
74
76
86
79
77
80
79
81
88
80
82
89
81
83
82
84
92
92
96
97
95
99
98
101
101
103
102
105
104
107
110
111
111
111
98
95
100
98
102
102
104
104
106
104
108
108
108
118
119
121
124
125
125
123
112
109
127
3
2
113
3
114
114
115
7
116
9
117
119
117
120
119
122
129
133
134
134
124
126
123
136
12
12
127
128
128
18
129
22
21
137
137
130
138
141
132
135
132
143
25
24
136
22
33
139
137
140
139
147
141
143
141
149
35
43
43
145
144
151
145
145
152
155
147
149
147
157
45
150
55
55
55
153
153
154
153
161
155
157
155
163
57
65
55
65
65
159
158
160
159
161
161
161
161
67
67
57
69
66
76
165
164
166
173
165
159
176
170
176
168
171
170
179
78
84
180
180
84
173
172
175
173
184
177
179
177
86
78
78
87
86
88
87
90
91
93
91
85
85
93
181
85
182
181
181
183
196
186
184
187
197
186
188
187
189
188
94
189
90
92
94
94
191
190
192
191
193
192
192
195
208
200
198
200
209
200
202
202
203
202
204
213
203
205
204
207
217
212
210
213
212
215
221
222
220
224
227
226
226
230
229
232
231
221
223
220
225
223
223
235
236
238
237
240
243
244
244
227
245
97
96
229
97
231
99
233
101
234
103
105
105
237
107
107
239
246
239
247
248
250
253
254
254
243
255
110
110
245
246
118
118
248
122
121
249
249
267
260
260
253
261
124
252
255
122
138
257
256
263
263
266
260
266
134
133
261
122
262
138
264
265
264
269
269
272
266
142
133
146
146
270
268
271
270
278
279
279
279
280
148
274
274
154
152
276
275
283
277
280
277
285
156
154
160
282
281
288
285
283
283
289
162
160
167
287
286
293
289
293
169
174
167
174
174
292
291
298
293
176
176
169
178
175
183
296
295
295
297
304
300
298
300
305
185
194
183
194
194
301
301
310
305
196
185
185
197
196
199
206
195
195
206
308
307
307
309
318
310
310
313
312
312
208
208
199
209
208
211
214
216
214
207
207
216
315
314
314
317
329
322
322
322
323
322
217
211
211
218
217
219
218
215
215
219
325
324
324
325
325
328
340
332
330
333
332
334
333
335
334
336
335
338
347
348
346
350
349
352
351
354
357
358
356
360
360
360
361
222
221
349
222
351
224
353
355
362
353
363
363
366
365
368
371
370
373
227
356
227
373
356
228
359
230
361
362
362
235
238
240
365
240
367
368
367
376
376
380
381
381
371
382
243
370
373
375
375
247
377
377
377
251
384
386
379
386
253
379
382
257
257
385
383
389
389
393
259
386
259
259
386
388
388
263
390
391
390
397
392
267
259
395
395
399
271
271
400
403
404
404
398
405
273
276
276
401
399
408
402
408
278
278
278
276
282
407
406
412
408
412
284
282
287
411
410
416
412
288
288
284
290
287
292
415
414
421
418
418
418
422
294
292
297
420
419
426
422
426
299
302
302
302
303
425
424
431
426
304
304
299
306
303
309
429
428
428
430
433
433
433
432
438
311
316
309
316
440
441
436
443
318
318
318
438
319
318
321
327
317
317
327
440
448
450
446
450
444
329
329
321
331
337
339
337
328
328
447
455
447
447
449
459
453
451
340
331
340
453
341
340
342
342
343
343
344
344
345
345
338
467
345
455
468
454
456
471
463
461
464
463
465
464
466
465
467
466
468
467
470
479
480
478
482
485
486
484
487
347
347
489
348
348
478
350
481
352
483
490
490
490
491
492
494
494
494
499
500
498
357
485
357
358
484
358
487
492
363
366
366
366
495
495
497
369
504
514
506
371
371
371
372
372
501
503
503
376
503
378
510
513
512
380
514
381
506
509
509
384
509
385
516
518
512
387
380
515
515
391
391
391
521
524
523
393
525
525
518
391
396
522
520
523
523
528
398
526
526
401
400
401
531
533
533
533
528
401
407
532
530
537
536
409
538
407
411
535
534
541
536
541
413
411
415
540
539
545
546
417
417
415
420
544
543
416
546
421
423
420
425
548
547
553
549
553
427
425
430
552
551
557
553
557
432
435
430
560
435
559
556
562
437
437
437
557
439
442
442
442
442
559
559
568
443
443
443
563
445
449
571
566
565
565
567
574
450
445
450
569
452
457
458
457
458
458
571
571
573
581
459
575
452
575
460
459
462
469
469
456
469
578
577
577
579
589
584
582
471
584
462
584
472
472
473
473
474
473
475
474
476
476
477
477
470
470
608
598
586
585
588
602
593
591
594
593
595
594
596
595
597
596
598
597
600
610
611
609
613
612
480
479
479
616
480
617
482
618
618
619
621
620
620
626
625
628
628
485
629
486
609
486
612
488
614
619
619
490
493
491
622
622
624
630
630
496
631
635
634
634
636
500
625
500
628
632
632
504
633
505
638
641
640
507
642
642
634
637
637
643
637
511
644
647
646
513
513
648
512
643
643
643
645
645
645
652
646
652
519
649
649
521
649
522
655
658
657
524
524
525
652
522
527
654
654
662
657
662
529
660
660
532
531
662
662
665
533
535
532
535
668
670
670
670
665
535
540
669
667
673
673
540
544
672
671
545
542
542
546
544
548
675
674
680
676
680
550
552
552
679
678
684
680
554
554
552
556
561
683
688
689
558
558
561
556
561
686
562
558
692
564
560
567
572
691
696
568
564
562
568
570
572
567
572
694
701
574
574
574
697
576
580
573
705
580
704
700
707
581
581
581
702
583
587
579
711
587
710
705
713
589
708
583
708
590
589
592
600
585
601
601
588
588
710
711
721
714
714
602
716
592
603
602
602
604
603
605
605
606
606
607
606
729
729
607
599
599
717
719
733
726
724
727
726
728
727
729
728
731
739
740
738
742
741
744
744
745
745
748
747
750
753
752
752
610
755
611
611
613
613
741
615
743
616
745
617
747
618
749
621
751
756
623
756
757
758
760
763
762
626
626
765
627
627
752
758
758
630
759
631
631
633
767
770
769
635
635
771
762
766
766
638
638
639
773
776
769
770
641
642
769
772
772
772
644
772
779
781
781
781
775
778
778
650
650
651
783
786
785
785
787
782
782
782
655
789
659
789
785
656
790
661
791
794
793
663
795
661
664
790
790
798
793
798
666
796
796
669
668
801
798
801
670
669
672
804
801
804
673
672
675
807
804
807
677
675
679
810
807
681
681
679
683
813
814
685
685
687
682
687
812
688
814
685
689
686
691
816
815
817
817
821
692
695
691
691
695
823
820
826
696
693
693
821
698
694
700
700
824
831
701
698
827
827
703
706
700
706
829
836
707
707
707
832
709
712
705
712
839
839
829
842
713
713
713
837
715
718
720
720
720
711
711
839
840
849
721
715
850
722
721
721
723
722
725
730
732
730
732
732
855
855
847
858
853
851
853
725
725
734
733
735
735
736
735
737
736
731
731
854
855
854
856
868
867
867
739
870
740
871
742
872
744
873
746
874
748
875
751
750
876
877
879
882
881
753
753
884
754
754
867
877
877
756
878
878
880
885
760
887
763
888
764
764
881
761
767
889
768
767
889
893
770
894
771
891
768
895
891
891
896
776
776
777
777
895
895
780
897
780
901
904
903
903
903
900
900
900
783
907
907
907
903
784
784
784
909
912
911
789
913
908
908
791
791
915
915
794
911
792
797
917
799
797
797
800
919
921
802
800
803
920
918
924
805
803
806
923
922
927
808
806
809
926
925
930
811
809
812
929
928
813
813
811
814
812
816
816
928
937
933
818
818
816
820
940
941
822
817
825
820
825
939
826
822
828
826
700
824
824
830
824
943
831
831
949
833
829
835
835
947
953
836
836
954
949
832
840
840
835
841
958
838
960
838
842
844
720
848
848
848
848
848
964
849
844
965
850
849
849
852
857
847
968
968
968
963
971
858
852
972
859
858
860
859
859
861
860
735
861
863
862
864
863
865
865
864
866
865
856
856
856
969
984
976
974
977
976
978
978
979
978
981
990
991
989
993
992
995
994
994
1000
999
869
868
1002
869
1003
871
870
989
871
992
992
994
746
996
874
998
875
875
1005
876
1006
879
1009
1008
1008
882
1011
883
883
999
1007
880
1012
885
885
1013
1017
1016
887
1018
1018
1008
1014
886
1014
1015
1019
890
1022
1021
1021
893
1023
1016
1020
892
1024
895
1027
1026
898
899
899
1021
1025
897
901
901
1031
1031
1031
1026
902
902
902
1033
1036
1035
1035
1037
1032
1032
1032
909
1039
912
912
1035
910
1040
914
1041
1043
911
914
916
1042
1040
1047
917
917
1048
1044
1044
919
1045
1050
1046
1050
921
923
923
1053
1050
1053
924
923
926
1056
1053
1056
927
926
929
1059
1060
930
930
929
932
1062
934
936
932
936
1061
1065
933
935
1066
939
1061
940
938
941
940
939
943
944
941
1071
945
948
947
943
948
1075
1076
950
950
952
947
952
1073
953
950
955
953
957
951
951
951
1081
1078
958
1079
960
958
962
962
1088
962
1086
1082
960
960
965
964
964
967
970
969
963
970
1086
1087
1095
971
967
1096
972
971
971
973
972
975
980
982
980
980
983
982
969
983
1104
1099
1097
1099
1099
975
985
984
986
985
987
987
988
987
981
988
1100
1102
1113
1112
991
990
1115
991
1116
993
1117
995
1118
997
997
1119
1120
1122
1125
1124
1000
1000
1127
1001
1128
1002
1002
1112
1120
1120
1004
1121
1121
1123
1129
1007
1006
1130
1133
1009
1134
1134
1010
1124
1131
1131
1131
1132
1135
1135
1135
1136
1139
1017
1140
1018
1137
1137
1141
1019
1020
1142
1144
1021
1145
1023
1141
1141
1024
1024
1143
1147
1149
1027
1150
1028
1024
1146
1030
1029
1153
1152
1152
1154
1151
1030
1155
1033
1157
1157
1157
1152
1034
1038
1159
1039
1158
1038
1160
1041
1163
1162
1162
1164
1042
1045
1166
1047
1047
1162
1045
1049
1168
1051
1049
1049
1170
1054
1052
1052
1172
1057
1055
1058
1059
1172
1057
1060
1058
1061
1177
1174
1177
1062
1061
1064
1180
1181
1065
1065
1067
1064
1067
1179
1181
1181
1065
1069
1066
1070
1070
1183
1188
1189
1072
1072
1074
1070
1074
1186
1075
1075
1192
1076
1073
1078
1200
1191
1196
1079
1196
1076
1192
1080
1199
1199
1078
1083
1201
1084
1080
1080
1202
1085
1087
1204
1082
1082
1206
1089
1085
1207
1091
1089
1093
1094
1094
1094
1087
1087
1095
1091
1096
1095
1098
1096
1101
1103
1103
1103
1092
1103
1209
1211
1104
1098
1105
1104
1106
1105
1107
1106
985
1108
1109
1109
1110
1109
1111
1110
1102
1102
1215
1217
1229
1228
1114
1113
1231
1114
1232
1115
1116
1116
1234
1234
1235
1235
1236
1119
1237
1122
1239
1125
1240
1126
1241
1128
1127
1228
1238
1123
1242
1129
1243
1130
1245
1133
1246
1134
1244
1132
1247
1135
1248
1136
1251
1250
1250
1139
1253
1140
1249
1138
1254
1142
1150
1145
1256
1250
1255
1255
1257
1147
1259
1149
1260
1150
1148
1261
1148
1262
1264
1153
1265
1154
1261
1261
1261
1155
1267
1157
1156
1156
1156
1269
1272
1271
1157
1271
1268
1268
1160
1160
1275
1275
1163
1271
1161
1279
1277
1166
1165
1278
1167
1279
1281
1281
1167
1169
1280
1278
1284
1284
1169
1171
1283
1282
1287
1172
1173
1173
1286
1285
1290
1175
1173
1291
1176
1289
1293
1178
1064
1179
1180
1178
1181
1180
1179
1183
1298
1185
1187
1186
1183
1187
1188
1185
1189
1188
1186
1191
1304
1193
1194
1194
1191
1195
1196
1193
1198
1196
1200
1199
1194
1199
1201
1198
1203
1203
1205
1204
1082
1205
1206
1203
1207
1315
1206
1208
1210
1211
1204
1210
1320
1095
1208
1321
1213
1212
1212
1214
1216
1217
1218
1216
1211
1218
1327
1322
1214
1214
1220
1219
1221
1220
1219
1221
1221
1223
1222
1224
1223
1225
1225
1224
1225
1225
1227
1226
1217
1227
1339
1330
1330
1333
1332
1334
1334
1336
1343
1229
1344
1230
1345
1231
1346
1346
1347
1233
1348
1348
1349
1235
1350
1350
1351
1237
1353
1239
1354
1240
1355
1241
1352
1238
1356
1242
1243
1244
1243
1358
1362
1361
1361
1245
1364
1246
1359
1359
1248
1359
1365
1248
1367
1250
1368
1252
1252
1252
1366
1366
1369
1254
1372
1371
1251
1256
1370
1370
1374
1257
1259
1376
1259
1371
1375
1258
1377
1266
1379
1264
1380
1265
1263
1383
1382
1267
1263
1266
1383
1269
1385
1272
1386
1273
1270
1274
1388
1388
1274
1276
1390
1277
1276
1276
1391
1279
1393
1281
1280
1283
1395
1284
1283
1286
1397
1287
1286
1289
1399
1290
1292
1289
1292
1292
1402
1293
1291
1403
1294
1401
1295
1293
1296
1295
1294
1297
1408
1298
1300
1297
1300
1300
1408
1298
1298
1302
1299
1413
1303
1410
1415
1416
1301
1304
1306
1305
1303
1306
1307
1304
1308
1308
1310
1305
1305
1310
1311
1308
1312
1312
1314
1309
1314
1314
1421
1422
1315
1312
1317
1315
1319
1318
1319
1319
1425
1426
1320
1317
1321
1320
1323
1320
1325
1326
1326
1326
1318
1318
1327
1323
1328
1327
1329
1328
1329
1329
1335
1337
1337
1335
1338
1445
1446
1338
1324
1438
1339
1331
1340
1339
1341
1340
1342
1341
1336
1451
1342
1445
1453
1343
1454
1454
1455
1345
1456
1456
1457
1347
1458
1348
1459
1349
1460
1350
1461
1352
1351
1462
1465
1353
1466
1354
1467
1467
1463
1463
1357
1356
1468
1468
1469
1358
1471
1362
1472
1363
1473
1364
1470
1360
1474
1365
1476
1367
1477
1477
1475
1475
1478
1369
1480
1372
1481
1481
1479
1370
1482
1374
1484
1484
1483
1483
1485
1377
1487
1487
1488
1380
1378
1381
1490
1382
1489
1381
1491
1491
1493
1385
1494
1386
1384
1384
1496
1496
1387
1389
1498
1390
1497
1389
1499
1391
1501
1501
1392
1392
1503
1503
1394
1394
1505
1505
1396
1398
1507
1507
1398
1511
1509
1509
1404
1403
1401
1404
1405
1402
1402
1406
1403
1407
1515
1516
1406
1406
1407
1410
1518
1412
1414
1414
1410
1414
1415
1412
1416
1415
1418
1417
1413
1413
1419
1416
1420
1420
1417
1417
1423
1420
1424
1423
1427
1427
1422
1427
1428
1424
1429
1429
1431
1430
1432
1432
1426
1432
1433
1429
1434
1433
1435
1537
1437
1438
1430
1430
1439
1435
1440
1439
1441
1441
1442
1441
1444
1444
1446
1444
1447
1447
1438
1447
1448
1442
1449
1448
1450
1449
1451
1451
1452
1452
1443
1452
1555
1453
1556
1556
1557
1455
1558
1558
1559
1457
1560
1560
1561
1561
1562
1562
1563
1462
1461
1565
1566
1465
1567
1567
1568
1467
1564
1565
1464
1464
1570
1468
1571
1469
1573
1573
1472
1472
1575
1473
1572
1470
1576
1474
1578
1476
1579
1579
1477
1580
1577
1577
1581
1478
1583
1583
1583
1481
1582
1479
1585
1482
1587
1480
1484
1588
1586
1586
1589
1485
1591
1487
1592
1488
1486
1489
1594
1490
1593
1489
1595
1595
1493
1493
1598
1494
1492
1495
1600
1496
1495
1497
1602
1498
1601
1497
1603
1603
1605
1501
1500
1502
1607
1503
1502
1504
1609
1505
1504
1506
1611
1507
1613
1506
1508
1508
1615
1509
1511
1510
1612
1508
1617
1513
1513
1619
1510
1514
1512
1516
1617
1515
1514
1514
1623
1518
1520
1519
1517
1520
1521
1518
1522
1522
1524
1523
1519
1519
1525
1522
1526
1526
1523
1527
1528
1526
1529
1528
1531
1531
1527
1531
1532
1529
1533
1533
1535
1534
1536
1535
1530
1536
1537
1533
1538
1537
1539
1538
1540
1540
1534
1541
1542
1542
1439
1543
1544
1544
1545
1544
1652
1547
1546
1654
1548
1547
1549
1548
1540
1549
1550
1550
1551
1550
1552
1551
1553
1552
1554
1553
1554
1546
1661
1661
1557
1556
1663
1557
1664
1664
1665
1559
1666
1666
1667
1561
1668
1562
1669
1563
1671
1566
1672
1567
1673
1673
1568
1674
1670
1564
1675
1569
1676
1571
1570
1678
1679
1574
1680
1575
1677
1678
1678
1572
1682
1576
1684
1684
1580
1684
1686
1580
1683
1683
1687
1581
1689
1584
1584
1690
1688
1688
1691
1585
1693
1587
1694
1588
1692
1586
1695
1589
1697
1591
1592
1592
1590
1593
1700
1594
1699
1593
1701
1595
1703
1703
1703
1598
1596
1599
1597
1597
1600
1707
1599
1601
1709
1602
1708
1708
1601
1711
1712
1605
1710
1604
1714
1606
1715
1715
1606
1608
1717
1609
1719
1610
1718
1610
1721
1721
1613
1613
1718
1610
1723
1615
1614
1727
1618
1615
1619
1618
1616
1620
1728
1621
1730
1620
1620
1620
1732
1623
1623
1734
1625
1624
1729
1622
1518
1627
1732
1627
1629
1628
1624
1624
1630
1627
1631
1631
1742
1628
1741
1628
1633
1631
1634
1634
1747
1636
1636
1636
1746
1632
1637
1634
1638
1637
1640
1639
1641
1640
1641
1635
1642
1638
1643
1642
1644
1643
1757
1646
1756
1645
1639
1646
1647
1644
1648
1647
1649
1648
1650
1649
1763
1765
1767
1652
1653
1652
1654
1652
1655
1654
1656
1771
1655
1645
1657
1658
1657
1657
1659
1659
1773
1773
1659
1653
1774
1662
1663
1663
1776
1776
1777
1665
1778
1778
1779
1667
1780
1670
1668
1781
1783
1783
1783
1783
1785
1673
1786
1674
1781
1782
1782
1670
1788
1675
1789
1676
1791
1679
1792
1671
1680
1793
1790
1677
1794
1681
1681
1796
1797
1685
1686
1686
1795
1796
1687
1683
1800
1687
1802
1802
1690
1690
1801
1801
1804
1691
1806
1693
1694
1689
1805
1695
1692
1809
1810
1810
1698
1698
1808
1696
1699
1699
1814
1700
1700
1815
1813
1813
1699
1817
1818
1704
1816
1702
1705
1705
1821
1706
1822
1707
1705
1710
1824
1709
1708
1710
1826
1712
1825
1825
1825
1828
1829
1715
1827
1828
1714
1716
1832
1717
1719
1719
1719
1716
1721
1721
1720
1722
1836
1723
1723
1838
1724
1724
1725
1726
1725
1726
1724
1727
1842
1728
1730
1731
1727
1730
1733
1728
1734
1733
1731
1735
1736
1734
1736
1853
1738
1737
1735
1738
1739
1740
1739
1848
1742
1743
1737
1742
1744
1740
1745
1745
1747
1748
1743
1747
1749
1745
1860
1862
1749
1863
1751
1751
1748
1752
1753
1754
1754
1754
1755
1754
1867
1869
1757
1758
1759
1757
1751
1759
1760
1761
1761
1761
1762
1761
1764
1873
1765
1998
1765
1878
1876
1767
1768
1768
1769
1767
1770
1769
1771
1770
1758
1771
1772
1773
1772
1768
1884
1884
1775
1775
1776
1886
1777
1777
1888
1779
1778
1890
1779
1891
1892
1784
1893
1785
1894
1774
1786
1895
1884
1896
1885
1897
1889
1898
1890
1787
1787
1781
1900
1782
1901
1788
1788
1903
1904
1792
1793
1792
1906
1793
1902
1903
1903
1790
1794
1794
1910
1797
1911
1911
1911
1912
1909
1795
1913
1800
1799
1915
1916
1802
1803
1803
1914
1915
1915
1804
1804
1919
1921
1921
1807
1807
1920
1809
1808
1808
1925
1811
1811
1926
1924
1808
1927
1812
1929
1814
1815
1815
1817
1816
1932
1818
1931
1816
1816
1934
1935
1935
1822
1822
1933
1820
1823
1823
1939
1824
1939
1935
1823
1825
1942
1826
1942
1939
1825
1827
1945
1829
1945
1946
1827
1831
1948
1948
1832
1950
1831
1833
1952
1834
1952
1948
1833
1835
1837
1838
1837
1837
1835
1839
1957
1840
1959
1839
1839
1839
1961
1961
1962
1963
1964
1964
1843
1841
1845
1846
1845
1965
1967
1843
1843
1843
1846
1846
1850
1849
1851
1971
1851
1847
1972
1853
1973
1974
1855
1854
1855
1855
1856
1857
1857
1857
1972
1979
1858
1980
1854
1859
1860
1862
1862
1862
1861
1862
1985
1865
1984
1864
1858
1865
1866
1863
1863
1866
1869
1868
1868
1992
1994
1871
1993
1870
1872
1871
1871
1864
1873
1874
1874
1874
1875
1874
1877
1875
1879
1877
1880
1879
1881
1880
1882
1881
1883
1882
1882
1870
2004
1887
2005
2005
1893
1895
1895
1894
2008
1895
2009
1896
1897
2010
1897
2004
1889
1889
2012
1898
2013
1899
2014
1900
1900
2016
2017
1905
2018
1892
1906
2019
2005
2020
2015
2016
2016
1902
2022
1907
1907
2024
2025
2025
2025
2026
2027
1912
2023
2024
2024
2028
1913
2029
2038
2031
2031
2031
2031
2033
2030
2029
2029
1914
2035
1918
2037
1917
1922
2038
2036
2036
2036
2040
2041
1925
2042
1926
2039
1924
1924
1924
1927
2044
2046
2046
2046
1930
2045
1928
2049
1931
2050
1932
2050
2046
1931
1933
2053
1936
1936
2054
2052
2052
2052
2056
2057
1940
2055
2056
1938
1941
2060
1943
2059
1941
2062
1944
1949
2063
1943
1946
1944
1947
1949
2063
2063
1949
1947
1947
2068
1953
2070
1951
1951
1951
2072
1955
2071
2069
1954
1956
2075
1957
2076
2077
1959
2078
1960
1956
1962
1963
1962
2079
2081
1960
1960
1960
2083
2083
2084
2085
1967
1967
2080
1964
1969
1970
2085
1970
1970
2089
2091
1968
1968
1976
1973
1974
1973
2093
2095
1976
1975
2090
2094
1971
1978
1974
1979
1979
2098
2100
2102
1981
1981
1980
2101
1975
1982
1983
2100
1982
2098
2106
2108
1985
1986
2110
1987
1985
1985
1980
1988
1988
1989
1988
1991
1989
1992
1992
2113
2115
2113
2117
2119
2121
2118
1994
2121
1995
1996
1994
1994
1986
1997
1998
1997
1999
2115
1998
2000
2000
2001
2000
2002
2126
2001
2003
2002
1995
2127
2127
2008
2010
2009
2009
2130
2130
2131
2011
2132
2013
2012
2134
2013
2135
2136
2136
2018
2137
2019
2138
2139
2139
2139
2140
2127
2141
2133
2142
2134
2135
2015
2015
2144
2021
2021
2146
2147
2026
2027
2027
2017
2136
2137
2150
2145
2146
2146
2023
2028
2030
2154
2154
2033
2033
2154
2156
2153
2030
2157
2034
2034
2159
2160
2160
2160
2160
2032
2162
2158
2036
2039
2039
2165
2165
2165
2166
2037
2167
2164
2164
2164
2169
2047
2047
2170
2165
2164
2169
2048
2048
2048
2173
2175
2047
2051
2176
2174
2173
2049
2052
2179
2179
2179
2054
2178
2052
2055
2055
2183
2057
2183
2179
2055
2059
2186
2057
2060
2187
2185
2061
2185
2189
2190
2064
2188
2189
2062
2065
2193
2066
2191
2191
2065
2067
2196
2196
2068
2200
2070
2199
2071
2067
2200
2072
2197
2197
2071
2074
2076
2075
2200
2076
2205
2074
2074
2074
2207
2207
2208
2209
2081
2081
2204
2078
2084
2085
2084
2211
2213
2082
2082
2082
2085
2211
2088
2088
2218
2091
2092
2092
2217
2086
2220
2220
2221
2222
2224
2095
2095
2095
2223
2094
2097
2099
2099
2099
2100
2100
2227
2229
2231
2102
2102
2102
2230
2096
2105
2105
2105
2105
2227
2235
2233
2237
2241
2108
2109
2241
2110
2108
2108
2103
2111
2112
2111
2114
2235
2112
2116
2114
2117
2243
2117
2246
2244
2246
2246
2248
2120
2120
2122
2119
2123
2122
2122
2109
2124
2125
2124
2126
2125
2120
2252
2129
2130
2130
2131
2131
2255
2255
2255
2256
2257
2140
2258
2258
2128
2259
2252
2260
2260
2254
2133
2133
2262
2142
2142
2143
2143
2265
2266
2266
2266
2267
2268
2268
2268
2269
2263
2270
2264
2265
2145
2271
2151
2151
2152
2274
2275
2275
2156
2148
2148
2277
2273
2272
2272
2274
2153
2279
2279
2280
2282
2161
2282
2282
2155
2284
2281
2280
2286
2158
2158
2286
2288
2288
2167
2288
2161
2290
2287
2164
2168
2168
2293
2171
2171
2294
2292
2292
2292
2296
2297
2297
2297
2170
2295
2174
2178
2178
2301
2180
2180
2302
2300
2300
2300
2304
2305
2184
2303
2304
2182
2185
2308
2308
2184
2187
2307
2306
2185
2188
2312
2190
2312
2308
2311
2310
2188
2192
2193
2193
2316
2312
2315
2314
2192
2195
2196
2198
2316
2197
2319
2318
2195
2199
2323
2201
2324
2325
2321
2321
2199
2202
2328
2203
2323
2323
2205
2330
2206
2202
2077
2209
2208
2208
2209
2333
2335
2206
2206
2206
2337
2211
2337
2331
2340
2340
2340
2214
2339
2210
2215
2216
2338
2215
2216
2344
2346
2217
2218
2339
2339
2214
2221
2222
2221
2221
2342
2350
2352
2224
2224
2224
2351
2219
2226
2228
2228
2228
2229
2229
2355
2357
2359
2359
2358
2231
2358
2225
2234
2236
2355
2234
2237
2237
2362
2364
2362
2366
2364
2368
2366
2370
2368
2372
2370
2372
2372
2239
2374
2240
2241
2239
2239
2232
2242
2243
2242
2245
2245
2247
2247
2249
2247
2250
2249
2251
2250
2240
2377
2377
2257
2378
2258
2379
2259
2380
2260
2381
2261
2382
2383
2383
2268
2384
2377
2269
2256
2386
2377
2387
2387
2388
2388
2389
2389
2390
2390
2263
2263
2264
2392
2270
2270
2394
2395
2395
2395
2396
2267
2397
2383
2398
2393
2394
2273
2273
2400
2278
2278
2402
2403
2403
2403
2403
2276
2276
2401
2402
2402
2281
2285
2407
2409
2409
2409
2409
2283
2411
2408
2407
2287
2291
2291
2413
2415
2415
2289
2294
2289
2417
2413
2413
2295
2295
2298
2298
2415
2415
2419
2295
2424
2295
2299
2423
2425
2425
2302
2426
2298
2427
2424
2423
2300
2303
2430
2305
2430
2425
2429
2428
2303
2307
2434
2309
2434
2430
2433
2307
2437
2307
2438
2313
2438
2434
2311
2315
2441
2317
2441
2438
2315
2319
2444
2320
2441
2441
2447
2322
2319
2322
2198
2325
2324
2449
2448
2446
2322
2327
2452
2452
2453
2454
2451
2450
2327
2330
2332
2331
2332
2457
2459
2336
2336
2455
2458
2330
2343
2461
2462
2463
2465
2340
2341
2341
2458
2336
2343
2344
2343
2344
2461
2469
2471
2346
2346
2464
2470
2341
2349
2350
2350
2467
2467
2473
2473
2477
2479
2352
2353
2353
2478
2347
2228
2354
2354
2356
2356
2356
2475
2356
2482
2485
2483
2487
2489
2491
2488
2491
2492
2359
2494
2360
2494
2353
2361
2363
2363
2365
2363
2367
2365
2365
2369
2369
2371
2369
2497
2497
2371
2375
2373
2376
2375
2239
2498
2498
2386
2499
2387
2500
2388
2501
2389
2390
2390
2503
2391
2504
2505
2505
2384
2506
2398
2398
2507
2508
2508
2509
2509
2510
2500
2511
2501
2512
2502
2513
2503
2504
2393
2399
2399
2399
2399
2517
2518
2405
2520
2405
2518
2520
2505
2521
2516
2522
2515
2523
2401
2401
2524
2525
2526
2526
2526
2526
2404
2528
2523
2529
2529
2530
2525
2408
2531
2532
2533
2410
2410
2417
2410
2535
2525
2536
2536
2537
2419
2419
2539
2421
2533
2533
2537
2538
2538
2538
2422
2542
2544
2544
2539
2427
2427
2546
2542
2542
2424
2429
2549
2431
2549
2544
2548
2547
2429
2433
2553
2435
2553
2549
2552
2551
2551
2551
2436
2556
2558
2439
2558
2553
2557
2556
2437
2440
2562
2442
2562
2558
2561
2560
2440
2443
2566
2445
2566
2562
2569
2447
2448
2448
2564
2443
2571
2449
2571
2566
2570
2568
2448
2451
2453
2454
2571
2453
2571
2577
2574
2573
2451
2456
2580
2452
2580
2575
2575
2587
2585
2459
2460
2460
2578
2456
2462
2463
2463
2462
2587
2587
2587
2590
2592
2465
2466
2584
2591
2460
2468
2469
2469
2463
2469
2594
2594
2597
2599
2471
2472
2471
2598
2466
2474
2476
2474
2477
2476
2595
2595
2601
2602
2605
2603
2607
2609
2611
2608
2613
2611
2479
2480
2613
2614
2472
2482
2484
2484
2486
2601
2487
2605
2486
2615
2617
2617
2619
2619
2620
2620
2490
2490
2492
2489
2494
2492
2480
2495
2496
2495
2497
2496
2490
2621
2621
2508
2622
2509
2623
2510
2624
2511
2625
2512
2626
2513
2627
2628
2520
2520
2629
2521
2630
2630
2622
2621
2632
2622
2633
2633
2634
2634
2635
2625
2627
2627
2626
2627
2515
2638
2639
2640
2527
2528
2641
2641
2628
2628
2643
2629
2644
2637
2645
2638
2639
2639
2523
2530
2648
2649
2649
2535
2650
2650
2640
2640
2652
2648
2647
2647
2530
2647
2654
2540
2540
2656
2649
2649
2658
2655
2654
2654
2537
2659
2661
2662
2662
2540
2546
2663
2656
2660
2665
2665
2666
2543
2548
2668
2550
2668
2663
2662
2670
2667
2667
2548
2552
2673
2554
2668
2668
2672
2671
2671
2555
2671
2677
2678
2559
2678
2673
2676
2675
2680
2675
2557
2561
2683
2563
2683
2678
2681
2680
2685
2680
2561
2565
2688
2567
2688
2683
2686
2685
2569
2570
2570
2565
2692
2572
2692
2688
2688
2695
2691
2690
2574
2574
2576
2577
2577
2576
2698
2693
2701
2701
2700
2703
2574
2579
2582
2583
2582
2583
2698
2706
2708
2710
2710
2710
2585
2586
2592
2579
2589
2590
2589
2711
2704
2713
2711
2720
2717
2719
2719
2719
2592
2592
2593
2586
2596
2597
2597
2596
2720
2720
2720
2721
2721
2725
2723
2727
2725
2729
2727
2731
2729
2609
2731
2733
2734
2733
2599
2599
2600
2593
2602
2604
2597
2606
2604
2607
2606
2736
2736
2725
2737
2727
2610
2610
2610
2612
2609
2612
2612
2600
2616
2618
2616
2620
2618
2610
2739
2739
2632
2740
2633
2741
2634
2742
2635
2743
2744
2744
2643
2744
2644
2746
2746
2739
2747
2747
2748
2741
2749
2742
2743
2637
2750
2751
2645
2752
2753
2753
2652
2754
2754
2744
2755
2745
2745
2757
2739
2758
2741
2759
2748
2760
2749
2761
2750
2762
2763
2751
2752
2648
2764
2765
2766
2766
2658
2767
2767
2753
2753
2769
2754
2770
2762
2771
2771
2763
2773
2764
2655
2660
2775
2664
2775
2766
2776
2767
2772
2778
2778
2779
2774
2660
2780
2780
2782
2664
2670
2670
2783
2775
2775
2785
2779
2781
2786
2780
2666
2672
2789
2674
2789
2782
2790
2783
2787
2792
2788
2786
2672
2676
2795
2679
2795
2789
2796
2790
2793
2794
2676
2681
2800
2684
2795
2795
2801
2796
2799
2798
2681
2686
2805
2689
2805
2800
2806
2801
2809
2811
2808
2803
2686
2691
2694
2695
2805
2694
2806
2812
2806
2815
2810
2808
2816
2808
2691
2697
2699
2699
2819
2812
2820
2813
2813
2823
2825
2827
2824
2827
2701
2702
2702
2697
2705
2706
2706
2705
2828
2820
2829
2829
2821
2832
2830
2834
2836
2838
2835
2840
2839
2838
2708
2708
2709
2702
2712
2714
2712
2715
2715
2714
2841
2830
2842
2834
2842
2845
2845
2847
2845
2849
2848
2847
2849
2835
2717
2718
2718
2709
2722
2724
2722
2726
2724
2728
2728
2730
2730
2732
2732
2734
2732
2718
2851
2851
2757
2852
2758
2853
2853
2854
2760
2855
2856
2856
2769
2756
2770
2770
2858
2851
2859
2852
2860
2860
2861
2854
2855
2762
2762
2863
2864
2777
2864
2856
2865
2857
2866
2858
2867
2867
2868
2868
2869
2861
2870
2862
2863
2772
2772
2872
2873
2777
2777
2785
2874
2864
2864
2865
2865
2859
2866
2878
2867
2879
2868
2880
2869
2881
2882
2870
2883
2871
2779
2787
2885
2791
2885
2873
2886
2874
2875
2875
2881
2889
2884
2882
2891
2883
2884
2792
2787
2893
2894
2797
2894
2885
2895
2895
2896
2887
2890
2891
2898
2891
2900
2900
2793
2799
2902
2802
2902
2894
2903
2903
2904
2896
2907
2909
2907
2909
2909
2898
2910
2900
2799
2804
2807
2807
2912
2902
2913
2903
2914
2914
2904
2917
2919
2921
2919
2921
2921
2906
2906
2909
2809
2923
2810
2804
2814
2815
2912
2814
2924
2913
2925
2914
2926
2926
2915
2927
2927
2931
2931
2929
2931
2918
2932
2921
2933
2922
2810
2817
2822
2823
2823
2822
2935
2925
2936
2926
2937
2937
2938
2929
2939
2918
2940
2932
2825
2825
2826
2817
2831
2833
2831
2834
2936
2833
2942
2937
2943
2938
2836
2837
2837
2839
2836
2826
2844
2846
2844
2848
2846
2837
2945
2877
2877
2946
2878
2947
2947
2948
2949
2888
2949
2945
2950
2946
2951
2947
2948
2881
2948
2953
2954
2897
2954
2949
2955
2950
2956
2951
2957
2957
2890
2899
2959
2905
2959
2954
2960
2960
2961
2956
2907
2962
2908
2899
2916
2917
2959
2916
2963
2963
2964
2964
2920
2908
2928
2930
2928
2920