5
1
4
4
6
8
9
8
11
11
1
14
1
14
4
15
6
16
8
19
19
20
20
20
23
23
11
26
26
26
14
27
15
28
16
29
17
30
31
31
20
32
23
24
34
34
26
36
27
37
28
38
29
39
30
40
31
41
32
42
34
35
34
44
36
46
37
47
38
48
39
49
40
50
41
51
42
54
52
65
44
45
44
56
46
58
47
59
48
60
49
61
50
62
51
63
66
66
64
54
56
56
69
67
58
68
59
70
60
71
61
72
73
73
74
74
75
75
69
69
77
77
70
79
71
80
72
81
82
82
83
85
83
75
77
77
86
79
87
80
90
90
89
92
89
91
91
83
89
90
95
98
98
100
100
100
102
104
104
106
106
106
109
109
95
112
95
112
3
3
100
114
102
115
116
116
106
119
117
120
120
120
123
123
109
126
126
126
113
113
113
3
5
5
7
9
9
10
10
10
128
128
129
129
120
130
132
132
135
135
123
135
12
127
13
13
10
21
21
21
137
22
139
138
137
139
132
133
132
141
136
136
25
25
144
144
144
144
139
145
141
142
141
147
24
24
150
144
150
150
153
152
151
153
147
148
147
155
45
35
43
158
150
151
151
158
153
159
155
156
155
161
57
45
66
165
165
164
158
165
159
174
162
169
168
170
163
170
163
67
76
172
164
172
175
175
173
166
168
168
178
176
177
177
78
69
85
181
172
180
172
181
182
182
178
178
184
184
186
186
179
86
187
87
188
88
92
190
190
191
193
191
180
192
181
195
193
182
184
184
196
199
199
197
198
198
200
200
201
201
201
203
203
202
190
203
191
204
192
207
205
193
198
198
208
209
211
210
201
210
202
212
215
215
213
214
214
205
210
217
217
212
218
213
220
220
223
223
226
229
230
229
231
233
233
233
220
233
223
236
234
237
237
239
239
239
242
242
245
245
96
229
229
97
99
101
101
101
103
103
105
107
237
107
246
108
246
248
247
248
249
249
252
252
255
255
110
245
111
111
108
121
248
121
256
256
256
257
258
258
261
261
124
125
125
125
262
262
256
262
262
264
258
259
133
261
134
134
131
140
140
140
264
268
268
270
266
267
133
266
274
268
274
274
270
275
277
277
266
280
148
142
146
154
281
154
275
281
277
278
277
283
156
148
160
286
281
286
283
283
290
288
162
156
167
291
286
291
290
290
162
162
175
174
296
295
291
296
294
294
169
298
293
176
183
301
303
303
301
296
294
306
304
304
178
178
195
308
308
307
308
309
305
306
185
310
305
196
312
197
207
206
315
314
307
317
315
308
310
318
319
321
321
319
199
320
313
208
322
209
215
324
324
216
326
325
314
328
326
315
320
320
331
329
330
330
332
332
323
333
333
218
334
219
336
335
338
338
336
337
339
326
330
330
340
332
341
333
342
334
343
335
344
336
349
349
349
351
351
353
353
353
356
359
359
359
346
361
221
349
222
222
224
224
225
225
362
364
362
364
365
365
367
376
370
373
374
228
357
356
356
228
230
230
232
232
225
235
238
240
365
240
241
241
367
375
375
377
379
379
382
382
243
244
244
244
241
250
250
250
384
251
383
383
379
380
253
254
254
254
388
383
383
388
388
390
392
260
387
394
386
260
257
265
265
265
390
395
392
393
259
392
265
400
400
400
395
399
402
402
405
405
273
267
406
399
399
406
402
403
278
405
273
279
282
410
406
410
408
409
284
278
287
414
410
414
412
413
412
416
412
288
292
419
414
419
416
416
423
421
290
290
297
424
419
424
423
423
299
294
428
429
424
428
424
429
426
427
299
431
426
431
309
434
436
436
434
429
431
432
439
437
311
306
317
316
440
441
442
434
438
311
445
438
443
444
444
319
328
327
448
447
449
449
444
452
452
452
446
451
446
329
468
454
454
339
455
455
456
457
458
448
451
451
459
462
453
453
460
461
461
341
463
342
464
343
465
344
466
467
468
467
454
470
468
454
461
461
471
463
472
464
473
465
474
466
475
467
476
468
478
478
481
481
484
484
487
489
489
348
348
478
350
350
352
354
354
354
354
492
355
493
493
493
497
495
498
498
501
485
502
484
484
358
360
360
355
366
493
368
495
368
369
369
503
503
506
499
499
372
498
374
501
374
369
510
378
378
509
509
512
380
381
508
506
381
378
516
385
385
515
515
512
513
380
512
385
521
521
520
515
520
523
393
394
394
518
394
396
526
520
526
524
529
393
393
396
531
531
401
530
530
403
528
404
404
407
534
530
534
536
403
403
403
411
539
534
539
537
537
413
409
415
543
539
543
541
417
541
413
420
547
543
547
417
550
546
421
425
551
547
551
549
550
427
423
430
555
551
555
553
554
427
427
436
435
561
560
560
555
553
432
564
557
562
437
441
566
559
565
566
567
563
439
570
563
568
443
565
565
573
573
571
566
569
576
569
569
574
450
456
457
577
578
571
578
579
571
575
583
583
575
581
582
582
460
470
585
586
586
577
588
586
578
582
582
589
592
592
584
590
471
591
472
593
594
594
595
595
475
596
476
597
477
600
599
600
585
717
586
591
591
602
593
603
594
604
595
605
596
606
597
607
598
612
612
612
614
614
616
615
480
480
482
482
483
483
619
620
620
624
622
625
628
629
486
486
609
609
488
488
488
489
489
483
491
491
494
622
494
496
496
496
632
497
632
634
499
500
625
625
502
502
502
497
504
505
505
637
637
640
507
508
508
634
508
505
510
644
511
643
643
646
513
640
507
640
514
511
516
517
517
651
649
646
647
519
513
517
655
522
522
654
654
657
524
653
652
652
525
527
660
660
661
657
658
529
524
527
664
664
532
663
666
533
529
667
668
668
667
537
665
538
538
540
671
667
671
542
537
544
674
671
674
542
677
673
545
548
678
674
678
676
677
550
545
682
678
678
682
680
681
550
680
556
687
686
682
684
684
684
554
560
561
690
690
558
689
821
562
567
695
694
690
692
698
696
692
696
568
573
572
699
699
697
570
703
697
701
574
579
580
706
706
705
699
702
576
709
702
707
581
588
587
712
710
711
704
708
715
715
708
713
714
714
590
599
600
719
717
601
718
718
710
714
721
722
716
722
716
725
725
723
724
724
604
726
605
727
728
728
731
599
729
731
730
730
717
724
724
733
726
734
727
735
728
736
729
738
741
741
743
743
743
745
747
748
749
749
749
752
610
755
611
611
738
613
615
741
616
616
616
617
617
618
621
621
623
623
623
758
624
624
759
759
759
762
626
765
627
627
752
629
629
496
630
631
631
767
766
766
766
769
635
762
636
762
636
633
773
773
639
772
772
775
770
777
777
769
642
639
644
779
645
778
778
647
775
648
640
645
650
783
782
782
782
785
653
647
647
651
656
788
656
658
785
659
659
791
791
791
790
793
663
658
658
664
796
796
797
793
794
666
663
664
800
800
669
798
799
670
666
803
803
802
802
673
670
675
806
804
805
677
673
679
809
807
808
677
807
683
931
810
810
810
681
686
687
815
815
818
818
814
688
819
819
815
819
937
822
689
689
694
823
825
823
824
819
821
693
828
826
826
696
830
830
946
823
827
836
833
831
833
701
705
706
834
841
701
703
838
832
954
707
711
712
839
840
841
834
837
709
844
837
842
713
719
718
961
845
720
846
846
846
843
843
843
843
852
852
850
851
851
723
731
730
854
857
845
856
857
845
851
858
858
859
860
853
733
974
734
977
862
862
863
863
737
864
864
854
865
855
867
739
870
740
740
742
742
744
744
746
746
748
750
750
750
877
751
877
878
878
881
884
884
754
754
867
755
755
751
757
757
757
760
760
761
761
763
764
764
881
765
765
767
889
892
891
768
891
770
771
763
763
768
773
896
774
896
895
777
899
770
893
774
779
900
900
897
900
903
781
898
776
780
783
906
784
786
903
787
787
788
909
908
908
911
789
786
786
788
914
914
792
794
911
795
795
916
916
794
794
800
919
918
918
799
799
803
922
918
922
805
802
806
925
922
925
805
805
809
928
925
928
811
808
931
931
928
936
811
934
930
813
816
936
935
931
933
1062
813
933
820
939
937
822
937
818
824
942
942
942
941
941
944
944
829
830
948
946
947
942
828
945
945
831
835
952
951
946
945
831
949
949
953
836
956
957
957
957
954
958
959
954
958
842
847
846
963
961
962
956
959
844
959
959
849
967
965
850
856
970
970
969
847
961
966
852
966
966
858
972
859
975
973
974
974
861
976
862
977
863
978
979
981
979
980
980
866
969
982
856
974
984
984
976
985
977
986
978
987
979
989
989
992
992
994
994
998
996
999
868
1002
869
869
870
870
989
871
872
872
872
873
873
874
875
875
875
876
1005
879
879
879
880
1008
883
1011
883
999
999
884
884
880
885
1014
1014
886
1014
887
887
888
888
1008
888
886
889
890
890
892
892
1021
893
1016
894
1016
894
896
896
896
897
1026
1022
1022
1021
1022
899
901
901
902
1030
904
1026
905
905
906
1033
1032
1032
1035
907
904
904
906
909
1038
910
912
1035
913
913
1041
1041
1040
1040
912
912
916
1044
1044
1044
1046
915
1048
915
916
920
920
920
1046
1047
921
917
1052
1049
1050
1051
924
921
926
1055
1053
1054
924
924
929
1058
1056
930
1056
927
932
1061
934
930
935
1063
1063
1067
938
934
1066
1067
1066
1063
938
1065
940
1068
943
1070
941
1069
1069
944
1073
1073
1074
1074
1071
950
1071
944
951
952
1077
1077
1076
1076
1079
1079
956
957
1083
1081
1082
1077
955
1080
1084
1084
963
1088
1081
1087
1087
1081
1085
1089
964
1091
1089
965
969
1092
970
1093
1093
1086
1090
967
1090
1090
971
1098
1096
1097
1097
973
981
980
1102
1100
1101
1101
983
1103
1097
1104
1104
1105
1106
1106
984
1106
985
1222
986
1108
1109
1109
988
1110
1110
1100
1112
1115
1115
991
993
993
993
995
995
997
997
1120
998
1120
1121
1121
1124
1000
1127
1001
1001
1002
1002
1112
1003
1003
998
1004
1005
1005
1006
1006
1131
1131
1007
1131
1010
1010
1010
1124
1011
1011
1007
1012
1013
1013
1013
1137
1015
1137
1017
1018
1009
1009
1015
1019
1142
1141
1141
1141
1023
1023
1023
1017
1020
1024
1146
1029
1146
1146
1028
1028
1028
1022
1025
1029
1151
1030
1152
1031
1027
1027
1033
1033
1034
1034
1036
1152
1037
1037
1158
1158
1036
1036
1041
1041
1042
1042
1162
1043
1039
1039
1165
1165
1047
1162
1048
1048
1167
1167
1051
1047
1052
1169
1054
1051
1055
1171
1057
1054
1173
1173
1057
1175
1172
1059
1176
1176
1174
1175
1060
1060
1064
1291
1177
1065
1177
1062
1066
1067
1182
1182
1185
1184
1181
1068
1070
1187
1186
1182
1184
1072
1184
1069
1073
1074
1190
1190
1072
1189
1189
1075
1078
1195
1194
1190
1192
1076
1198
1196
1196
1079
1200
1083
1200
1200
1197
1080
1201
1197
1201
1080
1204
1205
1088
1309
1202
1085
1202
1202
1207
1207
1092
1093
1211
1209
1094
1210
1321
1208
1095
1212
1213
1213
1102
1101
1217
1215
1216
1216
1216
1209
1214
1214
1219
1219
1105
1220
1332
1221
1107
1222
1108
1223
1224
1224
1225
1225
1111
1226
1226
1215
1228
1113
1231
1114
1114
1115
1116
1116
1117
1234
1117
1118
1118
1119
1122
1122
1122
1123
1125
1126
1126
1127
1228
1228
1228
1128
1123
1129
1130
1130
1130
1132
1134
1134
1125
1125
1132
1135
1136
1136
1136
1138
1250
1139
1253
1140
1133
1133
1142
1142
1142
1143
1144
1250
1145
1145
1143
1147
1147
1148
1149
1150
1150
1145
1151
1262
1261
1266
1153
1154
1154
1149
1151
1155
1266
1156
1153
1153
1158
1269
1268
1268
1271
1159
1267
1267
1158
1274
1274
1161
1164
1271
1164
1164
1276
1276
1163
1163
1279
1279
1279
1278
1168
1166
1169
1282
1278
1282
1170
1168
1171
1285
1282
1285
1170
1170
1288
1285
1285
1288
1172
1172
1176
1292
1291
1288
1175
1175
1179
1294
1178
1293
1180
1295
1183
1297
1185
1181
1299
1299
1300
1300
1185
1298
1188
1301
1191
1303
1193
1189
1305
1306
1306
1306
1193
1304
1307
1307
1199
1309
1310
1310
1198
1308
1201
1311
1313
1313
1205
1314
1203
1312
1206
1317
1315
1206
1211
1318
1210
1319
1316
1208
1316
1316
1212
1323
1321
1213
1217
1324
1325
1325
1218
1326
1322
1327
1328
1322
1219
1328
1220
1331
1329
1330
1332
1222
1332
1223
1333
1224
1336
1334
1335
1337
1337
1337
1227
1338
1330
1339
1340
1340
1340
1333
1341
1334
1229
1230
1231
1231
1231
1232
1232
1233
1233
1234
1234
1235
1236
1236
1236
1237
1237
1238
1239
1240
1240
1241
1229
1229
1238
1242
1243
1243
1244
1359
1358
1359
1361
1246
1364
1246
1239
1239
1244
1247
1365
1248
1248
1249
1251
1252
1252
1361
1245
1253
1249
1254
1254
1255
1371
1256
1367
1251
1255
1257
1257
1258
1260
1371
1371
1260
1262
1262
1262
1263
1265
1265
1265
1259
1381
1381
1264
1264
1269
1269
1270
1270
1272
1273
1273
1264
1387
1387
1275
1272
1276
1389
1277
1275
1279
1391
1280
1280
1281
1277
1283
1394
1284
1281
1286
1396
1287
1284
1289
1398
1290
1287
1291
1401
1401
1400
1293
1290
1294
1404
1403
1400
1293
1402
1295
1405
1297
1407
1298
1296
1299
1410
1410
1409
1412
1411
1408
1301
1303
1414
1413
1409
1411
1304
1411
1302
1305
1417
1418
1418
1304
1416
1307
1419
1309
1310
1422
1421
1308
1420
1311
1423
1313
1314
1426
1425
1426
1421
1312
1424
1428
1428
1318
1430
1431
1425
1431
1425
1317
1429
1320
1433
1434
1434
1324
1325
1438
1436
1326
1437
1435
1435
1327
1439
1440
1440
1441
1442
1336
1335
1445
1443
1444
1444
1447
1446
1446
1436
1442
1442
1339
1448
1449
1449
1450
1450
1342
1452
1451
1452
1343
1344
1344
1345
1345
1346
1346
1347
1347
1348
1348
1349
1349
1350
1350
1351
1351
1463
1463
1463
1353
1354
1355
1355
1355
1343
1352
1357
1468
1357
1357
1358
1360
1360
1363
1363
1363
1364
1353
1353
1365
1365
1365
1366
1367
1368
1368
1362
1366
1369
1369
1370
1372
1373
1373
1367
1374
1374
1374
1375
1376
1372
1375
1377
1377
1378
1379
1380
1380
1376
1381
1489
1382
1379
1381
1383
1383
1384
1385
1386
1382
1382
1387
1495
1388
1385
1389
1497
1390
1388
1389
1391
1392
1392
1393
1390
1394
1502
1395
1393
1396
1504
1397
1395
1506
1506
1399
1397
1508
1508
1402
1399
1510
1510
1511
1511
1402
1513
1509
1405
1407
1514
1512
1408
1515
1512
1517
1517
1412
1408
1413
1519
1414
1520
1412
1518
1521
1521
1417
1523
1418
1524
1416
1522
1419
1525
1422
1527
1420
1526
1528
1528
1426
1530
1427
1531
1424
1529
1428
1532
1430
1534
1431
1535
1432
1536
1429
1533
1433
1537
1434
1538
1438
1540
1437
1541
1435
1539
1439
1647
1440
1543
1441
1544
1445
1546
1444
1547
1446
1548
1447
1549
1545
1545
1448
1550
1551
1551
1450
1552
1451
1553
1452
1554
1453
1454
1454
1455
1455
1456
1456
1457
1457
1458
1458
1459
1459
1460
1460
1461
1462
1565
1462
1463
1465
1466
1466
1467
1467
1453
1565
1570
1570
1468
1468
1469
1469
1470
1471
1472
1575
1473
1465
1465
1470
1474
1474
1475
1476
1477
1471
1573
1471
1573
1475
1478
1478
1479
1480
1476
1578
1476
1482
1482
1482
1483
1480
1583
1480
1583
1483
1485
1485
1486
1488
1488
1488
1484
1489
1593
1490
1487
1489
1491
1491
1492
1494
1598
1490
1490
1599
1599
1493
1493
1497
1601
1498
1496
1497
1499
1499
1500
1498
1498
1606
1606
1503
1501
1504
1608
1505
1503
1506
1610
1507
1505
1612
1508
1613
1612
1509
1507
1510
1616
1616
1511
1513
1615
1509
1617
1514
1620
1513
1515
1619
1617
1517
1622
1516
1516
1519
1624
1520
1625
1518
1732
1521
1626
1523
1628
1524
1629
1522
1627
1525
1630
1632
1632
1526
1631
1633
1633
1530
1635
1531
1636
1529
1634
1532
1637
1534
1639
1640
1640
1536
1641
1533
1638
1642
1642
1538
1643
1645
1646
1646
1646
1538
1644
1542
1647
1543
1648
1544
1649
1651
1651
1651
1651
1547
1654
1655
1655
1549
1656
1545
1650
1550
1657
1658
1658
1659
1659
1653
1660
1660
1554
1555
1556
1663
1557
1557
1558
1558
1559
1559
1560
1560
1561
1562
1562
1563
1563
1564
1564
1566
1567
1568
1568
1568
1661
1555
1661
1569
1569
1569
1570
1678
1678
1571
1571
1574
1575
1566
1566
1678
1572
1682
1576
1576
1577
1578
1579
1686
1580
1574
1574
1577
1581
1581
1582
1584
1684
1578
1684
1582
1585
1585
1586
1588
1588
1588
1584
1589
1589
1589
1590
1592
1592
1587
1693
1593
1699
1594
1591
1593
1595
1595
1596
1597
1594
1700
1594
1705
1705
1703
1707
1597
1703
1601
1708
1602
1600
1601
1711
1603
1603
1602
1602
1711
1713
1713
1714
1607
1605
1608
1716
1607
1607
1718
1718
1719
1716
1611
1609
1614
1722
1722
1613
1611
1611
1724
1724
1723
1723
1725
1725
1727
1727
1619
1619
1729
1622
1730
1729
1623
1728
1621
1732
1735
1735
1735
1625
1623
1626
1734
1732
1628
1737
1629
1738
1627
1736
1630
1739
1741
1632
1742
1741
1631
1740
1633
1744
1746
1635
1743
1746
1747
1636
1634
1745
1749
1749
1639
1751
1748
1752
1752
1641
1638
1750
1753
1753
1643
1754
1756
1756
1757
1756
1759
1759
1644
1755
1760
1760
1761
1761
1649
1762
1762
1763
1766
1767
1766
1766
1652
1769
1654
1770
1758
1758
1771
1656
1650
1657
1765
1763
1658
1772
1768
1766
1773
1660
1663
1663
1664
1776
1664
1665
1665
1666
1666
1667
1668
1668
1669
1782
1669
1669
1671
1672
1785
1673
1674
1674
1674
1662
1782
1675
1901
1675
1675
1676
1677
1677
1679
1680
1671
1783
1671
1783
1681
1681
1796
1796
1682
1682
1685
1686
1679
1791
1800
1687
1800
1687
1687
1688
1689
1690
1685
1797
1688
1691
1691
1692
1694
1694
1689
1802
1809
1809
1695
1695
1697
1698
1806
1693
1809
1699
1812
1813
1810
1810
1697
1810
1701
1817
1701
1701
1704
1700
1817
1819
1819
1820
1707
1707
1704
1704
1708
1823
1709
1706
1710
1825
1712
1709
1710
1828
1713
1713
1715
1712
1830
1830
1830
1830
1717
1715
1720
1831
1833
1719
1717
1832
1954
1835
1834
1834
1721
1836
1839
1835
1723
1838
1836
1836
1841
1841
1726
1726
1731
1843
1730
1844
1842
1842
1845
1845
1847
1847
1734
1846
1849
1848
1737
1851
1738
1852
1736
1848
1848
1849
1854
1854
1742
1855
1740
1853
1744
1856
1858
1858
1747
1859
1745
1857
1862
1861
1860
1861
1864
1865
1865
1865
1750
1753
1863
1861
1866
1866
1866
1867
1870
1870
1757
1871
1872
1872
1755
1760
1869
1867
1873
1873
1874
1874
1764
1877
1875
1877
1877
1768
1879
1878
1767
1880
1769
1881
1770
1882
1883
1883
1765
1772
1876
1773
1774
1775
1886
1776
1777
1777
1888
1778
1890
1890
1779
1780
1780
1780
1784
1785
1786
1786
1884
1884
1774
1884
1885
1885
1886
1886
1890
1891
1891
1900
1899
1787
1787
1788
1788
1903
1789
1789
1791
1793
1906
1905
1784
1784
1903
1790
1908
1794
1795
1909
1798
1798
1798
1904
1791
1904
1799
1799
1799
1915
1800
1800
1802
1803
1797
1910
1915
1801
1920
1919
1920
1804
1806
1807
1916
1802
1919
1808
1923
1924
1921
1921
1806
1916
1808
1812
1812
1813
1815
1815
1811
1925
1816
1931
1818
1814
1816
1934
1819
1819
1821
1932
1932
1818
1934
1823
1937
1938
1821
1821
1935
1936
1825
1941
1824
1824
1939
1940
1827
1944
1942
1826
1826
1942
1831
1947
1829
1945
1829
1948
1833
1951
1832
1832
1950
1950
1954
1954
1834
1837
1953
1952
1956
1956
1838
1838
1958
1841
1959
1958
1842
1840
1840
1961
1960
1958
1964
1844
1842
1845
1961
1961
1966
1847
1967
1966
1965
1969
1969
1969
1971
1968
1966
1852
1853
1850
1850
1972
1975
1975
1976
1971
1853
1856
1978
1972
1974
1977
1980
1981
1859
1981
1857
1860
1979
1977
1862
1982
1984
1864
1985
1984
1987
1987
1863
1983
1988
1989
1868
1991
1989
1990
1993
1870
1994
1993
1871
1986
1996
1872
1869
1873
1992
1990
1997
1997
1998
1998
1877
1999
1879
2000
1880
2001
1881
2002
1882
1995
2003
1883
1887
1888
1892
1893
1894
2008
2007
1895
1896
1896
1897
1897
1887
2004
2004
2012
2012
1898
1898
1899
1899
1900
1900
2016
1901
1901
1906
1906
2005
2005
1892
2005
2006
2006
2016
1902
2022
1907
1907
2024
1908
1908
1910
1911
1912
1912
1912
1905
2024
1909
1913
1913
2029
1913
1916
1917
2033
1910
2025
2025
2029
1918
2035
1918
1918
1920
1922
2031
1916
2031
1920
2040
1923
1923
1925
1926
1922
1922
2040
2045
2043
1927
2044
1927
1929
1930
2041
1925
2044
1931
2048
2049
1929
1929
2046
2047
1933
2052
1936
2050
1932
2050
1933
2056
1937
1937
1940
1936
2056
2058
2058
2058
1943
1940
2058
2062
2061
2062
1945
2060
2060
2060
2065
2065
1946
2064
2066
2066
1951
2067
1950
1950
2069
1954
2070
2069
1953
1953
2073
2073
1956
2073
1957
1955
1955
2075
2078
2074
2078
1959
1957
1962
2075
2075
2080
1964
2081
2080
1965
1963
1963
2083
1968
2086
2086
1967
1965
1969
2088
2083
2088
2087
2090
1971
2091
2090
1970
2087
2087
2087
1981
2094
2094
2217
2217
1976
2093
2093
1978
2097
2097
2098
2101
1980
2095
2101
2102
1981
1979
1982
2105
2100
2100
2104
2107
1986
2107
2107
1985
2103
2110
1987
1983
2104
2106
2106
2111
2111
1991
2112
2112
2113
2114
2115
2118
2119
2119
1995
2122
2121
1994
2109
2123
1996
1992
1997
2113
2117
2117
2115
1999
2124
2125
2125
2126
2120
2126
2118
2118
2003
2007
2008
2009
2130
2129
2010
2010
2011
2011
2012
2134
2134
2013
2014
2014
2014
2017
2019
2019
2019
2020
2020
2020
2127
2007
2127
2128
2128
2134
2135
2135
2144
2144
2021
2021
2146
2022
2022
2026
2027
2149
2136
2136
2137
2150
2137
2146
2023
2152
2028
2153
2153
2032
2156
2147
2026
2147
2147
2030
2034
2034
2159
2035
2035
1922
2038
2162
2032
2154
2154
2159
2039
2163
2164
2041
2042
2037
2037
2160
2162
2039
2172
2043
2043
2041
2165
2166
2166
2169
2174
2174
2173
2169
2048
2051
2170
2047
2170
2173
2177
2177
2177
2053
2054
2175
2051
2177
2055
2181
2182
2053
2053
2179
2180
2059
2185
2183
2183
2057
2183
2059
2189
2061
2061
2064
2060
2189
2191
2065
2191
2064
2064
2194
2195
2067
2194
2068
2316
2066
2196
2199
2195
2199
2070
2072
2068
2198
2201
2202
2202
2072
2076
2201
2200
2204
2078
2205
2204
2079
2077
2077
2207
2082
2210
2210
2081
2079
2084
2207
2207
2212
2086
2213
2212
2215
2215
2215
2216
2219
2092
2214
2218
2218
2091
2093
2089
2089
2220
2223
2096
2219
2223
2224
2095
2093
2097
2222
2220
2099
2226
2226
2226
2230
2103
2225
2230
2231
2102
2100
2234
2233
2227
2229
2233
2234
2235
2238
2109
2238
2240
2108
2232
2241
2110
2106
2111
2233
2237
2237
2235
2242
2242
2116
2245
2243
2244
2245
2247
2249
2249
2250
2249
2119
2250
2122
2240
2251
2123
2117
2124
2244
2125
2246
2126
2129
2130
2254
2131
2133
2132
2138
2139
2140
2140
2141
2141
2141
2252
2129
2253
2253
2253
2254
2133
2262
2142
2264
2264
2143
2144
2265
2144
2148
2149
2150
2150
2137
2255
2138
2255
2264
2265
2265
2145
2151
2151
2272
2274
2274
2152
2155
2395
2277
2266
2277
2266
2272
2274
2279
2157
2157
2157
2280
2034
2161
2162
2284
2155
2275
2275
2280
2158
2287
2163
2286
2163
2166
2290
2161
2161
2282
2282
2286
2168
2291
2292
2171
2288
2166
2288
2168
2296
2172
2172
2175
2176
2293
2171
2296
2178
2299
2300
2180
2297
2175
2297
2178
2304
2181
2181
2184
2180
2304
2306
2185
2306
2186
2187
2305
2305
2306
2310
2188
2310
2190
2186
2308
2309
2310
2314
2192
2314
2190
2312
2312
2313
2314
2318
2195
2318
2193
2197
2317
2316
2318
2321
2199
2321
2198
2198
2198
2323
2326
2327
2202
2326
2201
2201
2325
2208
2330
2327
2330
2205
2203
2332
2329
2323
2329
2331
2334
2210
2335
2334
2332
2209
2331
2343
2339
2336
2334
2340
2340
2213
2211
2215
2343
2337
2338
2342
2345
2219
2345
2345
2346
2218
2216
2349
2349
2342
2344
2348
2351
2225
2347
2351
2352
2224
2222
2226
2473
2348
2228
2354
2354
2355
2358
2353
2359
2359
2231
2231
2229
2357
2357
2357
2236
2361
2361
2362
2363
2364
2365
2366
2367
2368
2369
2370
2371
2373
2375
2240
2375
2374
2239
2360
2493
2241
2237
2242
2362
2243
2364
2245
2366
2368
2368
2370
2370
2372
2372
2251
2256
2257
2258
2258
2259
2259
2260
2260
2261
2261
2262
2262
2150
2269
2269
2269
2386
2377
2377
2378
2378
2378
2379
2379
2380
2380
2381
2381
2382
2392
2391
2270
2270
2394
2271
2271
2275
2266
2267
2267
2383
2384
2384
2384
2394
2400
2400
2278
2278
2402
2279
2279
2283
2284
2405
2276
2396
2395
2402
2407
2408
2407
2407
2285
2289
2290
2411
2283
2403
2403
2407
2287
2414
2413
2414
2291
2293
2294
2417
2289
2409
2409
2418
2419
2418
2413
2293
2415
2416
2421
2418
2424
2422
2423
2423
2299
2301
2302
2420
2420
2420
2420
2428
2428
2303
2428
2305
2301
2425
2426
2428
2432
2432
2432
2309
2305
2430
2431
2432
2311
2436
2437
2313
2309
2434
2435
2440
2440
2317
2313
2438
2439
2443
2443
2320
2317
2442
2445
2446
2446
2447
2447
2320
2324
2444
2444
2446
2450
2327
2450
2329
2325
2324
2452
2450
2455
2330
2455
2329
2332
2452
2452
2458
2459
2455
2459
2459
2335
2331
2333
2333
2461
2464
2341
2465
2464
2465
2340
2333
2468
2461
2461
2463
2467
2470
2347
2470
2470
2471
2346
2344
2349
2474
2469
2474
2474
2476
2475
2478
2472
2472
2479
2479
2352
2350
2473
2475
2475
2483
2481
2477
2482
2484
2484
2484
2485
2488
2489
2489
2492
2494
2360
2478
2493
2480
2359
2357
2361
2481
2363
2483
2487
2487
2485
2367
2495
2496
2496
2490
2488
2497
2488
2488
2491
2491
2376
2385
2386
2387
2387
2388
2388
2389
2389
2390
2391
2503
2391
2392
2392
2396
2397
2398
2398
2498
2385
2498
2498
2499
2499
2500
2501
2501
2502
2502
2503
2503
2516
2504
2516
2516
2515
2516
2400
2517
2400
2404
2505
2519
2396
2505
2506
2506
2398
2515
2515
2517
2517
2406
2524
2406
2406
2410
2411
2528
2404
2518
2518
2524
2524
2525
2525
2408
2412
2412
2412
2416
2535
2534
2534
2526
2526
2531
2531
2532
2532
2538
2532
2421
2416
2534
2540
2538
2419
2543
2422
2542
2422
2426
2427
2546
2421
2539
2539
2547
2548
2429
2547
2431
2426
2544
2545
2547
2551
2433
2551
2435
2431
2549
2550
2551
2433
2557
2436
2556
2436
2439
2435
2553
2554
2556
2560
2440
2560
2442
2439
2558
2559
2560
2564
2443
2564
2445
2442
2562
2563
2568
2448
2569
2568
2569
2447
2449
2445
2566
2567
2568
2573
2451
2573
2449
2576
2576
2571
2572
2575
2573
2578
2456
2578
2454
2454
2575
2582
2577
2581
2584
2460
2585
2584
2585
2459
2457
2462
2581
2580
2582
2589
2583
2588
2591
2466
2591
2591
2592
2465
2463
2468
2590
2587
2588
2596
2590
2595
2598
2593
2598
2598
2599
2471
2469
2594
2594
2602
2595
2597
2602
2602
2604
2603
2721
2605
2608
2609
2609
2612
2612
2600
2600
2614
2600
2479
2477
2482
2601
2484
2603
2486
2607
2607
2607
2615
2616
2617
2618
2610
2608
2619
2608
2489
2608
2492
2611
2494
2487
2495
2615
2496
2617
2497
2507
2508
2509
2509
2510
2510
2511
2511
2512
2512
2513
2514
2514
2514
2519
2521
2629
2521
2507
2507
2621
2632
2622
2623
2623
2623
2624
2624
2625
2626
2626
2638
2637
2627
2522
2522
2522
2522
2527
2528
2519
2519
2628
2643
2629
2630
2630
2621
2638
2638
2639
2529
2648
2529
2647
2529
2534
2535
2527
2527
2640
2652
2641
2641
2647
2530
2655
2536
2654
2536
2534
2649
2649
2658
2650
2650
2659
2659
2537
2541
2541
2541
2545
2546
2656
2656
2657
2657
2659
2541
2661
2661
2548
2667
2550
2545
2662
2670
2663
2663
2671
2672
2552
2671
2554
2550
2669
2674
2671
2675
2552
2677
2555
2555
2559
2554
2673
2674
2675
2680
2675
2677
2561
2682
2563
2559
2678
2679
2680
2685
2680
2682
2565
2687
2567
2563
2683
2684
2685
2690
2570
2685
2690
2569
2572
2567
2694
2694
2689
2693
2690
2696
2696
2690
2572
2692
2693
2692
2693
2695
2700
2697
2701
2701
2579
2703
2577
2705
2698
2698
2699
2704
2707
2707
2702
2708
2586
2700
2710
2585
2583
2589
2704
2704
2706
2712
2712
2713
2716
2716
2709
2717
2593
2707
2719
2592
2590
2596
2713
2711
2714
2722
2715
2722
2724
2723
2724
2725
2726
2727
2728
2729
2730
2731
2732
2718
2718
2716
2735
2716
2735
2599
2597
2722
2720
2721
2721
2606
2723
2723
2725
2727
2727
2729
2729
2731
2738
2609
2734
2733
2735
2614
2607
2616
2736
2618
2737
2620
2631
2632
2633
2633
2634
2634
2635
2635
2636
2636
2642
2746
2644
2644
2631
2631
2739
2740
2740
2741
2742
2742
2743
2743
2637
2645
2645
2645
2646
2646
2651
2652
2642
2642
2744
2745
2745
2757
2739
2747
2747
2747
2748
2748
2749
2749
2750
2751
2751
2751
2752
2752
2653
2653
2653
2653
2657
2658
2651
2651
2753
2769
2754
2755
2755
2755
2763
2764
2773
2764
2765
2765
2660
2774
2664
2657
2766
2767
2768
2768
2773
2773
2774
2774
2660
2665
2666
2665
2669
2775
2783
2664
2775
2785
2776
2776
2786
2786
2781
2781
2672
2788
2674
2669
2782
2783
2784
2784
2786
2786
2794
2788
2676
2794
2679
2674
2789
2790
2790
2791
2794
2798
2681
2798
2684
2679
2796
2801
2796
2797
2798
2803
2686
2803
2689
2684
2801
2801
2801
2802
2808
2809
2809
2809
2691
2811
2689
2806
2806
2805
2807
2814
2814
2813
2808
2816
2808
2811
2697
2818
2695
2812
2813
2813
2822
2822
2815
2821
2824
2817
2825
2825
2702
2816
2827
2701
2699
2819
2820
2819
2821
2821
2821
2831
2823
2831
2831
2832
2835
2835
2836
2826
2826
2839
2709
2824
2840
2708
2706
2828
2828
2829
2830
2829
2832
2832
2832
2844
2834
2843
2844
2845
2846
2837
2837
2848
2835
2838
2838
2838
2850
2717
2715
2841
2841
2842
2842
2726
2843
2728
2845
2730
2847
2732
2849
2734
2756
2758
2758
2758
2759
2759
2760
2760
2761
2761
2768
2770
2770
2851
2858
2756
2851
2852
2852
2853
2853
2854
2855
2855
2762
2863
2771
2771
2777
2768
2857
2857
2857
2858
2859
2859
2852
2860
2860
2861
2862
2862
2863
2863
2772
2872
2778
2778
2784
2864
2874
2874
2864
2876
2865
2877
2866
2867
2878
2867
2868
2868
2869
2869
2870
2870
2871
2871
2872
2872
2787
2884
2791
2784
2873
2874
2875
2875
2876
2888
2882
2882
2891
2883
2884
2891
2792
2893
2792
2792
2797
2791
2885
2886
2886
2887
2887
2888
2898
2898
2891
2892
2892
2893
2799
2901
2802
2797
2894
2895
2895
2896
2896
2897
2906
2906
2899
2907
2900
2900
2901
2901
2804
2911
2802
2902
2903
2903
2904
2904
2904
2916
2905
2915
2918
2918
2908
2908
2906
2923
2909
2910
2810
2910
2923
2809
2807
2913
2913
2912
2914
2914
2915
2915
2915
2928
2917
2928
2930
2929
2920
2930
2918
2921
2922
2922
2922
2923
2934
2934
2815
2924
2925
2924
2926
2926
2927
2927
2927
2929
2931
2931
2931
2932
2932
2933
2826
2933
2941
2825
2823
2935
2935
2833
2937
2936
2937
2938
2938
2939
2939
2939
2944
2836
2940
2839
2834
2844
2942
2846
2943
2848
2876
2878
2946
2879
2879
2879
2880
2880
2888
2876
2945
2946
2946
2947
2947
2948
2953
2889
2889
2889
2897
2888
2949
2950
2951
2951
2952
2952
2952
2953
2899
2958
2905
2897
2954
2955
2955
2956
2957
2957
2908
2957
2962
2907
2905
2959
2960
2959
2960
2961
2961
2962
2964
2919
2917
2963
2963
2930