3
5
5
7
7
9
7
10
13
14
2
1
15
15
16
16
17
17
18
8
18
21
18
22
25
11
12
11
27
14
27
28
28
29
29
30
30
31
32
20
33
33
35
35
36
26
36
37
37
38
38
39
39
40
40
41
41
42
43
43
45
45
46
46
47
47
49
48
49
49
50
50
51
51
52
52
53
53
54
55
57
57
58
58
58
59
59
60
61
61
61
62
62
63
63
64
65
54
54
65
57
68
68
69
68
70
70
71
72
72
72
73
74
63
75
64
76
66
78
77
79
70
79
80
81
81
81
82
83
74
84
84
75
84
78
87
87
88
88
89
80
89
91
91
82
93
83
93
90
94
97
99
97
101
99
102
103
105
103
107
105
108
111
112
96
95
113
113
114
100
114
115
115
116
117
106
117
118
119
121
118
122
125
109
110
109
127
112
112
2
127
98
114
7
115
116
115
117
116
128
129
119
131
120
131
131
134
135
124
123
136
136
126
126
127
2
18
129
128
130
130
130
138
131
131
140
142
142
143
143
135
143
143
12
137
22
145
139
146
146
148
148
24
149
141
149
144
33
151
145
152
146
152
154
156
156
157
157
149
149
53
151
53
150
158
159
160
160
162
162
163
163
157
157
164
158
55
165
166
166
167
167
169
168
170
163
170
171
67
171
164
164
173
173
174
166
166
174
169
177
177
177
179
171
171
171
180
172
76
76
182
182
183
175
185
184
186
179
187
86
186
188
188
189
189
189
190
191
93
192
180
85
193
193
194
194
195
194
185
197
197
198
187
187
200
188
201
189
202
90
94
190
92
203
204
204
205
205
206
206
207
206
199
209
209
210
210
201
210
212
213
213
214
204
204
216
205
216
211
218
212
219
219
219
222
224
224
225
228
230
228
232
232
221
232
220
234
234
235
235
236
238
235
240
238
241
244
245
227
226
226
96
226
231
231
233
231
234
234
236
236
237
236
239
239
246
247
247
241
250
250
251
254
255
243
242
242
242
245
96
118
248
246
249
121
249
257
251
260
261
253
252
252
252
255
110
256
122
263
263
264
265
267
267
258
258
258
124
138
264
262
268
269
269
270
271
279
273
272
272
268
140
275
270
276
276
279
280
273
272
272
272
152
275
275
274
282
282
284
284
285
285
280
280
281
281
287
287
284
289
289
290
285
285
286
286
292
292
294
293
289
293
295
291
291
296
297
297
304
298
298
300
298
300
295
295
302
296
303
302
299
305
300
306
300
305
307
301
183
308
309
303
311
311
312
312
310
313
313
313
314
315
307
315
316
316
317
316
311
319
312
320
313
321
320
322
320
323
323
323
324
325
216
326
314
326
327
327
328
327
321
329
330
331
332
323
333
217
332
334
218
335
335
336
324
336
337
325
338
339
326
339
331
341
341
342
342
343
343
344
344
345
345
345
348
350
347
352
350
354
352
355
358
360
358
361
347
346
346
346
346
351
351
353
353
362
363
363
355
365
366
368
368
369
372
372
372
356
374
373
374
359
359
361
361
221
235
364
364
364
364
367
367
375
376
376
377
378
381
382
371
370
370
370
373
227
247
377
375
251
378
384
384
385
387
387
379
379
382
243
383
251
389
389
390
391
394
386
394
392
394
253
263
390
388
395
396
396
398
398
397
397
269
396
271
395
269
401
404
405
398
397
397
397
399
271
407
407
409
409
402
402
405
273
406
406
411
411
413
413
408
408
410
410
415
415
417
417
416
418
288
418
414
414
420
420
546
421
422
423
418
422
419
419
425
425
427
426
422
422
429
424
297
302
430
430
432
432
431
306
431
433
428
428
435
429
436
435
432
439
438
439
433
433
440
434
434
434
434
442
439
438
444
445
445
446
319
446
447
448
440
448
441
440
445
451
444
446
451
453
329
453
454
455
339
455
447
457
457
458
448
458
452
460
460
461
340
462
462
463
341
463
464
464
465
465
466
466
467
337
337
338
456
469
469
469
462
472
472
473
473
474
474
475
475
476
476
477
477
477
480
482
482
483
486
488
488
488
487
489
479
479
478
481
481
483
481
490
355
491
492
622
491
495
496
497
500
502
502
501
501
485
357
487
487
347
363
492
492
495
493
369
497
504
504
505
508
508
506
498
499
501
498
357
376
505
503
510
510
511
507
514
514
507
514
371
384
511
509
516
516
517
519
519
518
518
389
517
515
521
389
522
652
525
525
518
519
387
520
520
527
527
529
528
523
528
400
527
526
526
531
532
404
529
528
398
530
530
535
535
538
538
536
533
534
534
540
540
542
541
536
536
539
539
544
544
542
545
545
541
543
543
548
548
546
549
549
549
547
547
552
552
554
554
549
549
551
551
556
556
562
558
553
557
559
555
555
555
435
561
558
557
563
564
564
563
565
559
436
566
567
560
564
563
569
570
570
569
441
449
572
566
573
572
570
575
450
576
576
575
577
578
578
571
449
579
580
580
576
582
459
459
583
584
460
584
585
586
577
456
587
587
588
587
583
590
590
591
471
471
592
591
593
593
594
595
474
596
475
596
597
597
598
598
585
600
470
601
601
601
592
603
603
604
604
605
605
606
606
607
607
608
608
608
611
613
610
615
613
615
614
615
617
617
618
618
619
621
621
623
623
624
627
627
627
629
628
610
629
612
609
614
614
479
490
620
619
622
620
496
624
758
632
631
632
633
636
500
636
626
636
628
625
485
504
633
633
638
638
639
642
642
642
634
635
499
510
511
639
639
639
645
648
648
648
640
775
507
516
517
645
649
650
651
653
653
646
646
521
651
649
655
655
656
659
659
659
653
523
519
654
654
661
656
663
663
657
657
531
661
660
660
666
665
662
662
668
664
532
669
538
666
665
533
667
667
672
672
537
670
671
671
675
675
676
676
677
550
674
674
679
679
681
681
676
676
678
548
683
683
685
685
680
684
682
682
687
812
685
688
689
684
690
687
686
691
692
692
693
696
690
690
695
695
693
697
568
696
698
697
699
695
694
700
698
697
702
703
703
702
705
699
580
699
579
706
703
702
708
709
709
708
710
704
704
704
704
712
709
714
589
589
715
716
590
716
717
717
718
719
718
710
720
720
715
722
716
723
723
602
724
603
725
726
604
726
727
727
728
729
607
599
608
608
730
717
732
732
725
734
734
735
735
736
736
737
737
737
740
742
740
744
742
745
746
748
746
750
748
751
754
755
754
755
739
739
738
741
738
743
741
745
745
747
747
749
747
751
749
756
757
756
758
760
757
761
764
764
764
765
753
753
752
610
630
759
759
761
761
767
631
768
771
771
771
762
763
626
638
768
766
773
773
774
777
641
641
775
641
635
644
778
774
778
779
780
648
776
775
641
650
780
780
783
650
784
787
647
787
781
655
788
784
782
659
786
786
653
788
661
656
792
795
795
795
789
790
790
797
792
799
799
793
793
668
797
796
796
802
802
798
798
800
669
805
804
801
801
803
803
808
808
804
804
806
806
811
811
807
810
809
809
811
813
814
810
815
812
812
816
817
688
688
817
815
686
820
820
822
821
817
821
823
825
819
691
825
825
822
827
827
828
693
827
823
694
830
830
828
832
701
833
698
832
834
829
829
835
833
832
837
838
838
837
839
834
834
841
834
841
838
837
843
844
844
843
845
845
846
847
846
839
840
848
844
850
721
849
851
722
852
853
723
853
854
855
855
845
719
857
732
857
852
859
853
860
733
860
861
861
861
862
863
736
864
737
864
854
865
866
866
866
869
870
869
870
871
871
872
872
873
873
996
874
875
874
876
876
876
879
879
880
883
883
881
884
868
868
867
739
756
878
877
760
880
885
886
885
888
888
882
882
881
753
886
886
890
889
889
892
894
894
887
894
774
774
891
895
892
1025
899
898
893
899
779
897
897
901
779
902
905
776
905
898
783
906
902
906
787
904
903
781
908
906
909
910
913
913
913
907
791
910
908
914
911
1043
911
789
914
792
915
917
919
916
919
920
917
921
918
918
923
923
921
921
922
922
926
926
924
927
925
925
929
929
927
927
928
683
932
932
934
933
934
818
931
931
936
936
938
938
933
937
935
935
938
940
940
937
942
939
820
943
944
826
945
828
946
947
942
947
948
948
945
949
953
836
946
946
952
952
950
949
954
955
955
954
957
841
951
835
955
842
842
958
960
959
961
961
962
963
956
840
1089
965
965
964
966
966
967
966
968
961
847
970
857
970
967
972
972
971
973
973
974
974
975
976
733
977
977
978
978
979
979
981
980
865
982
866
982
968
983
983
975
985
976
986
986
986
987
988
988
988
991
993
993
995
995
997
997
998
1001
1001
1001
1001
1003
1003
990
990
990
992
989
873
994
996
996
998
996
1004
1005
1004
1006
1005
1007
1007
1010
1011
1010
1008
1000
1011
999
868
1012
1012
1013
1012
1014
1015
1018
1017
1018
1008
1009
882
890
890
1015
1019
1020
1019
1144
1016
1023
1016
1017
887
1024
1020
1025
1025
1028
1028
1026
1022
898
893
1029
1025
1030
1029
905
1027
1026
898
1032
1030
1033
1034
1037
904
1037
1031
909
1038
1034
1038
1036
1036
1035
907
1038
910
910
1042
1039
1043
1040
1040
1045
1042
1048
1048
1046
1043
919
1045
1044
1049
1051
1051
1046
1046
1049
920
1054
1054
1050
1050
1052
1052
1057
1057
1053
1056
1055
1055
1057
1059
1059
1056
1058
1058
1060
1060
1063
1061
932
1064
1062
1062
1063
1063
935
1067
1068
1068
1069
1069
1066
1066
1071
1071
1072
950
1074
948
1070
943
1072
1075
1075
1071
1077
1073
1073
1078
1079
953
1084
955
1081
1081
1077
1083
1083
1200
1084
1084
1085
960
1086
956
956
1088
962
1088
1089
959
1090
1090
1091
1090
1093
1093
1086
1086
1094
1094
1091
1096
1096
1095
1097
1097
1098
1099
973
1099
1100
1101
1101
1102
1103
983
1092
1092
1098
1105
1099
1106
975
984
1107
1107
1108
1108
1108
1109
1110
988
1100
1100
1111
1111
1114
1114
1112
1112
1116
1115
1117
1117
1118
1118
1119
1119
1120
1122
1122
1123
1126
1126
1126
1127
1128
1128
1113
1113
1112
990
1004
1121
1121
1006
1123
1129
1130
1129
1129
1132
1134
1133
1124
1125
1124
1000
1012
1013
1132
1135
1015
1136
1137
1138
1140
1140
1133
1140
1019
1138
1138
1138
1019
1143
1145
1144
1139
1139
1024
1143
1143
1146
1147
1148
1150
1149
1144
1144
1029
1148
1148
1148
1154
1027
1154
1149
1155
1151
1156
1155
1037
1153
1152
1031
1156
1034
1157
1159
1160
1158
1161
1160
1164
1039
1164
1159
1161
1042
1163
1163
1162
1043
1165
1045
1166
1166
1169
1167
1168
1168
1171
1169
1170
1170
1171
1055
1174
1174
1174
1174
1173
1058
1178
1178
1174
1177
1176
1176
1178
1180
1180
1177
1182
1179
1179
1183
1184
1068
1068
1184
1182
1182
1187
1187
1185
1188
1188
1184
1190
1186
1186
1191
1189
1192
1193
1192
1190
1190
1195
1195
1193
1197
1197
1197
1076
1197
1083
1082
1195
1077
1198
1085
1202
1201
1203
1202
1088
1088
1205
1199
1203
1207
1207
1206
1208
1091
1209
1209
1210
1211
1210
1204
1212
1095
1213
1213
1214
1098
1215
1215
1216
1217
1209
1092
1218
1218
1219
1104
1220
1105
1221
1221
1222
1107
1222
1223
1223
1224
1225
1110
1226
1111
1226
1215
1227
1227
1230
1230
1230
1230
1232
1232
1233
1232
1234
1233
1118
1235
1119
1236
1237
1236
1238
1238
1240
1240
1241
1241
1229
1127
1241
1113
1242
1242
1243
1242
1244
1244
1246
1245
1239
1246
1247
1247
1248
1247
1249
1249
1368
1253
1252
1253
1245
1253
1254
1249
1255
1255
1145
1251
1251
1139
1147
1257
1258
1258
1260
1260
1256
1256
1261
1258
1258
1378
1265
1265
1259
1259
1155
1266
1262
1266
1264
1267
1268
1266
1269
1270
1273
1267
1159
1273
1160
1270
1268
1274
1271
1272
1275
1159
1274
1161
1275
1277
1161
1167
1165
1280
1166
1277
1278
1278
1283
1283
1168
1281
1282
1282
1286
1286
1284
1287
1285
1171
1289
1289
1287
1290
1288
1288
1288
1292
1290
1293
1291
1291
1295
1295
1296
1296
1294
1294
1296
1296
1300
1187
1297
1183
1301
1301
1302
1302
1299
1299
1302
1302
1306
1195
1303
1191
1307
1307
1308
1198
1194
1310
1305
1194
1311
1311
1311
1312
1314
1205
1309
1309
1315
1315
1208
1316
1316
1316
1319
1319
1313
1313
1317
1321
1321
1320
1322
1322
1323
1322
1325
1325
1326
1218
1318
1318
1323
1328
1219
1328
1331
1329
1330
1330
1331
1332
1107
1333
1333
1334
1334
1336
1335
1336
1337
1226
1338
1227
1324
1324
1331
1340
1332
1341
1333
1341
1342
1342
1344
1344
1345
1344
1346
1346
1233
1347
1348
1348
1235
1349
1350
1349
1237
1351
1352
1352
1354
1354
1355
1355
1343
1355
1356
1356
1357
1356
1358
1358
1357
1360
1363
1364
1363
1361
1353
1364
1247
1248
1360
1360
1366
1366
1368
1368
1362
1362
1361
1245
1254
1369
1370
1370
1373
1373
1373
1373
1257
1374
1375
1375
1371
1372
1376
1256
1377
1375
1378
1378
1380
1379
1376
1376
1378
1263
1379
1273
1383
1263
1384
1383
1386
1386
1382
1382
1384
1270
1272
1385
1387
1387
1388
1388
1391
1389
1392
1391
1390
1390
1392
1392
1393
1393
1394
1394
1395
1395
1396
1396
1397
1397
1400
1398
1289
1401
1399
1399
1400
1400
1400
1404
1405
1405
1406
1406
1403
1403
1406
1406
1409
1407
1297
1410
1411
1301
1411
1415
1409
1409
1409
1414
1412
1415
1415
1415
1418
1418
1413
1303
1419
1419
1419
1420
1421
1422
1417
1422
1423
1423
1423
1424
1425
1421
1421
1426
1427
1427
1428
1428
1429
1317
1431
1431
1425
1313
1432
1432
1433
1433
1323
1434
1435
1323
1436
1436
1437
1438
1437
1430
1439
1327
1440
1440
1441
1329
1442
1331
1443
1445
1338
1445
1446
1338
1436
1324
1436
1447
1448
1339
1449
1449
1450
1341
1451
1342
1443
1443
1443
1546
1454
1454
1345
1455
1456
1456
1347
1457
1458
1458
1459
1459
1460
1460
1461
1461
1462
1351
1462
1565
1466
1466
1467
1466
1343
1453
1356
1464
1464
1463
1358
1469
1470
1469
1472
1471
1473
1473
1465
1473
1474
1470
1475
1475
1477
1477
1362
1471
1369
1478
1479
1479
1481
1481
1367
1476
1482
1479
1483
1483
1372
1480
1377
1485
1486
1486
1380
1488
1484
1484
1486
1486
1487
1487
1491
1491
1384
1492
1494
1494
1490
1494
1495
1492
1385
1493
1495
1495
1496
1496
1499
1499
1500
1499
1390
1498
1502
1500
1393
1501
1504
1502
1395
1503
1504
1396
1397
1505
1506
1398
1399
1507
1511
1404
1398
1401
1512
1512
1513
1512
1510
1510
1617
1515
1408
1515
1514
1407
1516
1516
1519
1520
1517
1517
1521
1521
1522
1416
1524
1524
1524
1519
1525
1525
1525
1526
1527
1523
1528
1528
1529
1424
1530
1531
1527
1527
1532
1532
1532
1533
1535
1535
1535
1536
1530
1530
1537
1537
1539
1539
1539
1539
1541
1541
1541
1534
1542
1542
1543
1543
1543
1544
1545
1545
1546
1547
1548
1548
1548
1549
1540
1540
1550
1448
1551
1551
1552
1450
1552
1553
1553
1554
1445
1546
1556
1556
1455
1557
1558
1558
1457
1559
1560
1560
1459
1561
1460
1562
1461
1563
1564
1564
1563
1464
1567
1567
1467
1568
1555
1555
1569
1569
1565
1570
1571
1571
1572
1572
1472
1574
1574
1575
1566
1575
1576
1576
1577
1577
1579
1579
1573
1580
1579
1574
1478
1581
1582
1582
1481
1578
1584
1583
1585
1582
1586
1586
1588
1588
1587
1584
1485
1589
1590
1590
1592
1591
1587
1587
1590
1590
1591
1591
1595
1595
1492
1596
1598
1597
1594
1598
1596
1492
1597
1600
1599
1599
1600
1600
1603
1603
1500
1604
1602
1605
1604
1500
1605
1605
1606
1606
1607
1607
1608
1608
1609
1609
1614
1610
1610
1613
1611
1611
1612
1612
1614
1612
1618
1618
1615
1618
1616
1616
1617
1621
1621
1621
1622
1620
1621
1623
1625
1625
1622
1622
1626
1626
1626
1627
1629
1629
1629
1624
1630
1630
1630
1631
1628
1523
1633
1633
1634
1529
1635
1636
1632
1632
1637
1637
1637
1638
1640
1640
1641
1536
1635
1635
1642
1642
1643
1538
1542
1644
1646
1541
1639
1534
1644
1647
1647
1648
1648
1649
1650
1650
1653
1654
1547
1652
1655
1655
1656
1549
1645
1645
1650
1657
1658
1658
1659
1552
1660
1553
1651
1554
1653
1651
1556
1662
1662
1662
1664
1664
1559
1665
1666
1666
1561
1667
1668
1667
1669
1668
1670
1669
1672
1672
1673
1672
1661
1674
1661
1662
1675
1670
1676
1676
1677
1676
1676
1572
1680
1680
1671
1680
1681
1682
1681
1682
1683
1683
1579
1580
1685
1685
1679
1686
1581
1687
1688
1688
1690
1690
1684
1685
1585
1691
1692
1692
1694
1693
1689
1689
1695
1692
1696
1696
1698
1697
1693
1698
1696
1696
1697
1697
1701
1701
1702
1702
1598
1700
1704
1703
1702
1596
1707
1706
1706
1704
1705
1705
1706
1706
1711
1710
1711
1604
1709
1712
1713
1711
1604
1604
1605
1712
1714
1714
1715
1717
1720
1716
1716
1608
1609
1717
1722
1718
1720
1718
1721
1723
1722
1614
1725
1618
1726
1619
1614
1616
1726
1728
1731
1729
1727
1730
1733
1733
1728
1733
1729
1625
1731
1729
1732
1732
1736
1736
1738
1738
1738
1735
1739
1739
1739
1740
1743
1741
1737
1737
1744
1744
1744
1745
1748
1746
1741
1743
1743
1741
1749
1749
1750
1638
1752
1752
1746
1641
1748
1746
1753
1753
1754
1643
1755
1755
1758
1759
1759
1646
1751
1639
1760
1760
1761
1648
1762
1649
1763
1763
1764
1764
1768
1769
1652
1767
1770
1770
1771
1771
1756
1656
1656
1756
1763
1772
1772
1765
1772
1773
1766
1660
1660
1766
1775
1774
1776
1775
1665
1777
1778
1778
1667
1779
1780
1779
1781
1781
1780
1670
1672
1673
1784
1785
1786
1785
1774
1774
1787
1788
1787
1782
1789
1789
1790
1789
1792
1792
1793
1793
1792
1784
1794
1790
1795
1794
1796
1683
1798
1798
1791
1798
1799
1795
1795
1796
1801
1801
1690
1803
1797
1803
1691
1804
1805
1805
1807
1806
1807
1807
1919
1805
1805
1696
1698
1811
1811
1806
1812
1809
1809
1812
1815
1814
1810
1811
1817
1928
1813
1702
1814
1814
1819
1817
1702
1819
1822
1821
1818
1822
1820
1820
1821
1821
1820
1823
1824
1824
1713
1827
1828
1714
1826
1826
1831
1827
1828
1714
1829
1829
1833
1830
1831
1830
1832
1834
1833
1720
1837
1836
1834
1837
1835
1722
1836
1840
1726
1838
1839
1724
1840
1842
1844
1844
1841
1841
1845
1733
1846
1734
1843
1731
1849
1849
1848
1850
1852
1852
1847
1847
1848
1853
1740
1850
1855
1742
1851
1851
1856
1856
1856
1857
1859
1747
1854
1854
1860
1860
1750
1750
1750
1983
1865
1752
1858
1748
1861
1861
1866
1863
1867
1755
1868
1868
1871
1757
1872
1872
1864
1751
1867
1867
1873
1869
1764
1762
1875
1764
1875
1876
1876
1879
1878
1880
1880
1879
1881
1881
1882
1882
1883
1883
1870
1758
1876
1878
1878
1878
1775
1885
1885
1886
1886
1887
1887
1888
1889
1888
1888
1891
1890
1781
1893
1893
1894
1893
1895
1894
1894
1896
1896
1897
1897
1887
1898
1899
1898
1899
1891
1891
1901
1901
1902
1902
1903
1790
1792
1905
1905
1904
1892
1906
1907
1908
1907
1908
1909
1908
1911
1910
1791
1912
1904
1905
1913
1909
1914
1914
1914
1801
1917
1917
1910
1917
1918
1804
1918
1920
1915
1805
1807
1926
1926
1916
1923
1919
1919
1923
1926
1925
1921
1922
1927
1927
1928
1928
1930
1929
1925
1930
1928
1928
1929
1929
1933
1933
1934
1820
1822
1936
1935
1932
1937
1934
1934
1937
1935
1939
1940
1940
1938
1938
1939
1942
1943
1943
1941
1941
1946
1945
1942
1943
1944
1944
1945
1949
1948
1949
1947
1947
1948
1952
1953
1952
1951
1720
1952
1955
1955
1953
1954
1835
1955
1957
1960
1958
1956
1959
1840
1962
1957
1962
1958
1844
1844
1958
1961
1965
1965
1963
1968
1966
1964
1967
1969
1849
1970
1850
1966
1966
1852
1966
1973
1973
1970
1973
1976
1855
1971
1851
1972
1972
1977
1978
1978
1978
1859
1859
1975
1975
1977
1977
1982
1979
1983
1983
1986
1987
1987
1987
1980
1858
1989
1988
1989
1868
1990
1990
1991
1991
1995
1996
1996
1996
1984
1984
1986
1984
1990
1990
1997
1992
1998
1875
1999
1876
2000
2000
2001
2001
2002
2002
2003
2003
1993
1993
1995
1993
1889
1889
1893
2006
2006
2007
2006
2006
2009
2008
2010
2009
2004
2011
2010
2011
2004
2012
2013
2013
2014
2014
2015
2015
2016
1902
2018
2017
2019
2018
2018
2020
2020
2007
2021
2022
2021
2022
2023
2023
2024
1909
1911
1912
2026
2027
2017
2017
2028
1913
2028
2030
2030
1914
1917
1910
2032
2025
2033
2026
2034
2035
2034
2029
2036
2036
2160
2038
2038
2032
1923
2039
2040
1924
2042
2042
2037
2042
2043
2043
2040
2045
2045
1928
1930
2041
2047
2041
2048
2044
2044
2044
2046
2050
2051
2051
2049
2049
2054
2054
2050
2051
1937
2055
2056
1938
2053
2053
2059
2059
2056
1938
2057
2057
2061
2058
2058
1941
1946
2064
1946
2063
2062
1944
2063
2066
1949
1950
2067
2065
2066
2068
2071
2069
2067
2070
2068
2072
2074
2071
2069
2069
2076
2076
2072
2203
2073
2073
1959
2073
2075
2079
2079
2077
2082
2080
2078
2081
1963
2084
2079
2084
2086
2080
2082
2080
2083
2083
1970
2085
2087
2088
2092
2091
2086
2091
2087
2093
1974
2089
2096
2090
1976
2092
2090
2091
2097
1978
2097
2098
2099
2099
2103
2096
2094
2096
2096
2094
2098
2104
2104
2104
1982
2105
2109
2110
2110
2108
2101
2101
2103
2101
2104
2106
2111
1989
2112
1991
2112
2113
2114
2116
2116
2116
2120
2122
2121
2123
2123
2123
2107
2107
2109
2107
2113
2115
2115
2124
1999
1999
2124
2125
2126
2001
2118
2118
2002
2121
2003
2121
2008
2128
2128
2129
2128
2129
2011
2131
2132
2132
2133
2132
2132
2135
2134
2015
2018
2137
2136
2138
2138
2139
2007
2140
2127
2141
2141
2252
2142
2143
2142
2143
2135
2144
2145
2145
2146
2023
2148
2148
2148
2149
2027
2149
2149
2268
2151
2152
2151
2152
2152
2028
2033
2155
2154
2147
2156
2277
2157
2157
2280
2158
2159
2036
2038
2032
2167
2162
2162
2155
2163
2159
2159
2163
2042
2037
2166
2167
2167
2161
2043
2168
2169
2045
2165
2170
2171
2170
2172
2172
2169
2174
2045
2049
2176
2176
2176
2293
2178
2178
2173
2049
2054
2175
2180
2175
2181
2177
2177
2181
2179
2183
2184
2184
2182
2182
2187
2186
2186
2184
2061
2188
2188
2062
2186
2186
2192
2192
2189
2189
2190
2193
2195
2192
2191
2191
2193
2197
2193
2197
2194
2194
2070
2194
2196
2196
2201
2200
2199
2071
2200
2203
2203
2203
2206
2204
2202
2205
2077
2208
2328
2208
2210
2204
2206
2204
2207
2211
2211
2209
2214
2212
2210
2213
2088
2085
2216
2089
2345
2212
2212
2214
2092
2212
2089
2221
2216
2221
2225
2223
2217
2219
2219
2217
2220
2220
2226
2222
2226
2227
2229
2228
2232
2230
2223
2225
2225
2223
2227
2233
2106
2234
2234
2236
2236
2236
2240
2241
2241
2239
2230
2230
2232
2230
2233
2235
2235
2242
2114
2114
2243
2116
2243
2244
2244
2247
2247
2249
2248
2120
2119
2250
2251
2251
2238
2238
2240
2238
2244
2246
2246
2248
2248
2248
2253
2253
2253
2254
2254
2133
2139
2140
2256
2257
2258
2257
2252
2259
2252
2260
2259
2254
2261
2261
2261
2262
2263
2262
2264
2265
2264
2145
2149
2150
2267
2383
2138
2269
2255
2256
2392
2271
2270
2271
2271
2273
2273
2272
2151
2153
2156
2276
2275
2277
2147
2395
2278
2279
2278
2279
2274
2280
2281
2158
2155
2155
2283
2284
2284
2276
2285
2285
2285
2286
2285
2168
2167
2289
2288
2290
2290
2283
2291
2163
2286
2291
2294
2294
2288
2289
2172
2295
2296
2174
2176
2293
2298
2293
2299
2296
2296
2299
2302
2302
2297
2298
2181
2303
2304
2182
2301
2301
2307
2307
2304
2304
2187
2309
2187
2309
2311
2311
2306
2306
2308
2308
2313
2313
2315
2315
2310
2310
2312
2316
2317
2317
2319
2319
2314
2314
2316
2320
2320
2320
2322
2322
2318
2318
2324
2323
2444
2324
2327
2322
2321
2321
2323
2328
2329
2328
2326
2326
2205
2326
2328
2337
2209
2329
2332
2457
2336
2334
2330
2335
2331
2337
2338
2338
2341
2334
2213
2213
2214
2334
2337
2338
2342
2338
2342
2343
2347
2218
2339
2346
2341
2339
2342
2348
2222
2349
2349
2349
2353
2351
2345
2347
2347
2345
2348
2348
2354
2350
2354
2355
2356
2481
2360
2351
2231
2351
2232
2351
2355
2361
2234
2236
2361
2362
2363
2365
2365
2367
2367
2369
2369
2371
2371
2373
2373
2375
2374
2376
2376
2376
2358
2358
2360
2358
2362
2364
2364
2364
2366
2366
2368
2370
2249
2372
2250
2374
2251
2374
2257
2378
2378
2379
2379
2380
2380
2381
2381
2382
2382
2263
2268
2384
2383
2385
2385
2385
2269
2387
2386
2379
2388
2380
2389
2381
2390
2382
2391
2391
2382
2392
2393
2393
2394
2273
2277
2267
2396
2397
2397
2506
2397
2385
2399
2399
2394
2400
2401
2401
2402
2281
2284
2276
2404
2405
2405
2396
2406
2408
2406
2402
2281
2287
2290
2283
2410
2411
2411
2404
2412
2412
2412
2414
2287
2292
2294
2416
2416
2416
2417
2410
2419
2414
2413
2292
2415
2420
2421
2420
2422
2418
2418
2424
2295
2300
2302
2426
2426
2427
2302
2421
2429
2424
2423
2423
2425
2425
2431
2431
2433
2433
2428
2303
2430
2430
2435
2435
2436
2437
2432
2432
2434
2434
2439
2439
2437
2311
2438
2438
2442
2442
2440
2315
2441
2441
2445
2444
2448
2447
2443
2319
2444
2453
2449
2445
2451
2451
2446
2446
2325
2453
2449
2453
2456
2456
2450
2450
2452
2457
2457
2580
2460
2455
2335
2456
2336
2455
2333
2462
2457
2462
2466
2458
2458
2465
2460
2458
2461
2467
2344
2468
2468
2468
2472
2470
2464
2466
2466
2464
2467
2467
2473
2474
2350
2476
2475
2476
2480
2470
2352
2472
2353
2470
2473
2475
2356
2482
2481
2355
2482
2483
2483
2486
2485
2486
2490
2492
2491
2493
2493
2478
2360
2494
2478
2478
2481
2481
2483
2485
2485
2495
2367
2487
2495
2496
2497
2371
2488
2373
2373
2491
2375
2493
2376
2493
2386
2499
2499
2500
2500
2501
2501
2502
2502
2503
2502
2504
2504
2393
2397
2506
2506
2521
2507
2498
2508
2499
2509
2500
2510
2511
2510
2512
2511
2513
2512
2514
2513
2513
2504
2516
2393
2517
2515
2401
2405
2518
2518
2505
2520
2521
2520
2507
2514
2523
2523
2524
2524
2517
2525
2408
2411
2404
2527
2528
2528
2519
2529
2525
2530
2536
2531
2531
2532
2414
2417
2534
2417
2533
2535
2527
2536
2532
2537
2538
2532
2414
2533
2533
2540
2539
2541
2422
2541
2543
2543
2424
2427
2545
2545
2539
2545
2540
2548
2543
2542
2542
2544
2544
2550
2550
2552
2552
2547
2547
2549
2549
2554
2554
2555
2436
2555
2557
2557
2437
2553
2553
2559
2559
2561
2561
2556
2556
2558
2558
2563
2563
2565
2565
2560
2560
2562
2562
2567
2567
2570
2564
2564
2569
2565
2564
2566
2566
2572
2572
2574
2574
2568
2568
2571
2575
2454
2454
2576
2576
2579
2579
2573
2573
2575
2580
2581
2581
2582
2582
2586
2578
2578
2585
2579
2578
2580
2581
2587
2581
2583
2588
2589
2589
2593
2584
2584
2586
2586
2584
2588
2588
2594
2588
2590
2595
2596
2596
2600
2591
2471
2593
2593
2591
2594
2595
2476
2601
2477
2602
2477
2603
2603
2606
2606
2606
2610
2612
2611
2614
2613
2598
2479
2480
2480
2598
2601
2601
2605
2605
2605
2615
2486
2615
2616
2616
2618
2618
2620
2608
2490
2620
2489
2611
2611
2613
2613
2613
2615
2617
2617
2619
2619
2619
2508
2622
2622
2623
2623
2624
2624
2625
2625
2626
2626
2627
2626
2522
2629
2629
2519
2630
2630
2621
2644
2631
2631
2633
2632
2624
2634
2625
2635
2636
2635
2637
2636
2636
2638
2514
2639
2523
2641
2641
2641
2628
2642
2642
2643
2644
2643
2631
2645
2646
2646
2648
2646
2639
2648
2530
2535
2650
2650
2640
2651
2651
2652
2642
2653
2654
2653
2654
2655
2537
2649
2656
2657
2657
2658
2651
2660
2655
2659
2659
2665
2543
2546
2663
2546
2663
2664
2663
2665
2661
2666
2667
2661
2661
2662
2662
2669
2669
2669
2664
2672
2666
2667
2667
2668
2668
2674
2673
2676
2676
2555
2675
2675
2557
2673
2673
2679
2679
2681
2681
2682
2682
2677
2677
2678
2678
2684
2684
2686
2686
2687
2687
2682
2682
2683
2683
2689
2689
2691
2691
2687
2687
2685
2687
2688
2688
2693
2692
2694
2694
2697
2697
2690
2570
2692
2693
2698
2577
2699
2699
2702
2696
2703
2696
2696
2696
2698
2704
2583
2705
2705
2705
2709
2708
2700
2702
2703
2703
2700
2703
2704
2711
2711
2712
2712
2714
2713
2714
2718
2717
2707
2709
2707
2710
2707
2700
2711
2713
2720
2713
2715
2604
2722
2724
2723
2726
2726
2728
2728
2730
2730
2732
2732
2734
2734
2716
2733
2735
2716
2719
2599
2719
2604
2721
2604
2723
2603
2736
2736
2725
2737
2737
2738
2738
2731
2609
2729
2733
2733
2735
2614
2735
2736
2737
2737
2738
2738
2738
2632
2740
2740
2741
2741
2742
2742
2743
2743
2637
2643
2745
2744
2746
2746
2739
2745
2747
2741
2759
2749
2748
2750
2749
2750
2750
2751
2752
2752
2653
2652
2754
2754
2744
2755
2755
2756
2756
2757
2758
2757
2759
2759
2760
2760
2761
2761
2762
2761
2763
2764
2763
2764
2646
2765
2655
2658
2767
2767
2753
2768
2768
2769
2770
2769
2756
2771
2773
2772
2771
2774
2773
2765
2765
2766
2766
2776
2776
2777
2776
2778
2774
2779
2780
2780
2780
2781
2666
2670
2783
2782
2783
2784
2784
2785
2777
2787
2779
2788
2779
2781
2781
2782
2782
2790
2790
2791
2790
2792
2793
2793
2793
2788
2788
2789
2789
2796
2796
2797
2797
2799
2799
2794
2794
2795
2795
2801
2800
2802
2802
2804
2804
2798
2798
2800
2800
2806
2805
2807
2807
2810
2803
2811
2804
2803
2803
2805
2812
2695
2695
2814
2813
2812
2814
2817
2817
2818
2818
2811
2811
2812
2819
2820
2819
2821
2820
2822
2822
2826
2816
2827
2817
2818
2818
2816
2818
2819
2820
2828
2706
2829
2828
2831
2830
2831
2833
2832
2833
2837
2839
2839
2824
2840
2840
2824
2827
2824
2827
2828
2829
2714
2830
2841
2715
2842
2841
2834
2843
2843
2844
2846
2848
2848
2835
2849
2849
2850
2850
2840
2717
2838
2840
2841
2842
2724
2843
2726
2843
2845
2845
2847
2847
2849
2850
2850
2850
2757
2852
2851
2853
2853
2760
2854
2855
2855
2762
2769
2857
2856
2858
2857
2858
2859
2859
2867
2860
2854
2861
2862
2861
2862
2862
2863
2772
2856
2856
2865
2864
2866
2866
2878
2866
2860
2868
2861
2869
2870
2869
2871
2870
2871
2871
2872
2787
2785
2874
2785
2873
2875
2875
2876
2876
2877
2878
2877
2879
2879
2880
2880
2881
2881
2882
2883
2882
2884
2883
2778
2872
2873
2873
2886
2886
2887
2886
2888
2887
2889
2890
2883
2890
2892
2890
2892
2892
2884
2793
2885
2885
2895
2895
2887
2896
2897
2897
2899
2890
2900
2900
2893
2901
2893
2893
2894
2894
2903
2903
2896
2904
2905
2905
2908
2907
2898
2898
2910
2909
2911
2910
2901
2901
2902
2912
2913
2912
2914
2913
2916
2915
2916
2916
2920
2919
2921
2906
2922
2922
2923
2923
2911
2911
2911
2911
2912
2924
2815
2815
2925
2924
2926
2925
2928
2927
2928
2930
2929
2920
2918
2920
2940
2932
2933
2932
2934
2934
2923
2810
2924
2925
2935
2823
2936
2935
2937
2936
2929
2938
2939
2938
2940
2940
2941
2941
2933
2934
2933
2934
2935
2936
2833
2942
2942
2942
2943
2943
2944
2944
2940
2836
2939
2941
2941
2941
2942
2943
2943
2944
2944
2944
2877
2946
2945
2947
2946
2880
2948
2881
2945
2945
2950
2950
2951
2951
2952
2952
2952
2948
2953
2899
2949
2949
2955
2955
2956
2955
2957
2956
2953
2958
2889
2953
2954
2954
2960
2960
2956
2961
2962
2961
2958
2958
2958
2958
2959
2963
2963
2917
2961
2964
2962
2919
2919
2962
2963
2964
2930
2964