-0.119487571041051
-0.149468907990037
-0.108638533588487
-0.0490695769671927
-0.0790864472074030
0.0211214911567952
-0.00922459038028274
0.0900426260522225
0.0585745439364437
0.126200231569149
-0.224235572339348
-0.257651669766287
-0.187580354365505
-0.156673000122810
-0.0888097557318385
-0.0182178511805926
0.0546613252634584
0.155980796864196
0.124392798865963
0.194225930575551
0.217674728023224
0.267764851123149
-0.260597460938485
-0.334811083748606
-0.295495821901089
-0.195212558840745
-0.123445555139625
-0.0602715540547640
0.0131882563283153
0.0811600992704596
0.147612708620192
0.208538010848815
0.255765831825264
-0.234915696659985
-0.295791513338409
-0.159093239837944
-0.0899233234874557
-0.0292768525354121
0.0362601742736289
0.101099167367063
0.164029683785908
0.230613140052067
0.281369626674517
-0.248169055901625
-0.300973385162793
-0.193449366760904
-0.131432119192949
-0.0719423309533071
-0.0210796391181577
0.0474774088550155
0.113976301665948
0.181037712027703
0.295586468902613
0.246432257578270
0.357088759767018
-0.242623436997857
-0.305921126225052
-0.185318808902659
-0.124060189530065
-0.0600625694880713
-0.00523809467523156
0.0626667134238082
0.130329199550444
0.196176435643647
0.311389312140532
0.261458835528182
-0.300312773235422
-0.180317311014155
-0.238715048672112
-0.117108370900407
-0.0455855641940847
0.00917337683842727
0.0786902087163338
0.145060351646771
0.211549060097308
0.275627477753526
-0.173696209255904
-0.241184789256124
-0.100700121992266
-0.0242738649272080
0.0266522435737504
0.0933907672009482
0.162197479855356
0.227479376699516
0.243917026280209
-0.199154634953307
-0.137638117661046
-0.0715090305077543
0.0402569231086042
-0.0134889066026699
0.113151818418172
0.0643647122187243
0.178721377871525
0.0186421456130783
-0.211489144858113
-0.236925569232584
-0.168908014083860
-0.141592470337240
-0.100407860231820
-0.0669066836529558
-0.0394792867282604
-0.00316829122733767
0.0341068720775948
0.0662928197663446
0.104984094115747
0.137209342262592
0.178884320047110
0.205847122336325
-0.315485213886422
-0.340327876921253
-0.278683432931825
-0.250953971023854
-0.181711881318675
-0.0382068800865801
0.0281144549829666
0.0972577405002697
0.164842989378049
0.275921299295611
0.230946162199615
0.300269508871716
0.345058759102720
0.367519938328930
-0.353930849229569
-0.418758147918146
-0.382282486178310
-0.288102519406532
-0.220267663123821
0.190921387787024
0.253839921038292
0.280053447319107
0.324973456254339
-0.423059690517724
-0.487163151208905
-0.452659693872890
-0.390068845755971
-0.326416708913013
0.332374905152507
0.381156845041410
0.387246001079510
0.438054231412590
-0.400516207563098
-0.455901424947716
-0.364671383883263
0.326276227573616
0.390534598680661
0.445599455289427
-0.415660188793752
-0.464576587242204
-0.358370571218683
0.343021440473157
0.404033762981408
0.451921973288629
0.462984928829835
0.510756512174799
-0.422892890502025
-0.475432222545041
-0.362987971460054
0.416802888517921
0.473801523330421
0.519731980568960
-0.421227036078528
-0.482605022073489
-0.363969614639500
0.325107981641405
0.374291337160799
0.437175528317032
0.526489230042918
-0.409429696137480
-0.467136391830647
-0.358262397464035
-0.303558107546729
0.338105120610262
0.387230964002819
0.501236949832901
0.448644730700750
-0.437173916543482
-0.367408115215381
-0.404697574653011
-0.307307950605374
0.291721073454675
0.355862932278784
0.398806251372296
0.454526355973806
-0.340645534798073
-0.394957483722855
-0.265480550463946
-0.217488876119171
-0.151601393534981
-0.0857526394427649
0.129828070093780
0.194206195592845
0.265890917381505
0.311544380133854
0.415690130986579
0.374341390778201
-0.339406323485175
-0.283287618607432
-0.176826506447956
-0.243778677715999
-0.107575060892845
-0.0431674722358795
0.0114460059683333
0.0793733591069552
0.143805241700853
0.220817264227263
0.330019135048679
0.285600945605922
-0.201801608562457
-0.132815971429379
-0.0573655700910060
-0.0997869165874663
0.00988119268829362
0.0769732059578592
0.184586888064054
0.130529618126935
0.244504576415961
-0.0450876860051693
0.0163951291627226
0.0732450782443403
-0.0244102101407125
-0.0923952153990919
-0.0558193295460058
0.0423470458534798
0.0133674350795980
0.0746968860538995
-0.250693172798255
-0.310648899547061
-0.261505994987328
-0.183843538385042
-0.200144492174242
-0.113259646879372
-0.134252062397441
-0.0633476865392208
0.00299718753679788
0.117303192355012
0.0766382731314608
0.144380166172883
0.181242996383745
0.224125210609726
0.236450416663978
0.279996081755940
-0.365045252299629
-0.424768254673161
-0.366452375387169
-0.304540242091682
0.250328327822771
0.299129043293591
0.321877343924276
0.387464282447079
0.364100783509367
0.427291649622035
-0.448543987628651
-0.507430461687322
-0.471172173136377
-0.410366537264447
0.409486501087444
0.450055108511391
-0.513785338977600
-0.590575789732444
-0.536607204488895
-0.480479934718344
0.426292918335205
0.469099164418546
0.484084484074162
0.527338875489365
-0.546045978699426
-0.569796918164344
0.495403001038531
0.541304291022743
0.551967649522072
0.596613977125911
-0.514427148291508
-0.600382647827126
0.503408743529464
0.560325173036164
0.606594101004356
-0.581665644617387
-0.628449000071450
-0.571376497367416
-0.524074488089693
0.568010841223811
0.614571994372839
-0.588251518346442
-0.630236235968700
-0.532322632216798
0.574640201555831
0.620649992366694
-0.633767326954010
-0.543063478687981
-0.588621193066754
0.566930639407943
0.618799887975393
-0.522813933976770
-0.556762079650430
0.505378469585318
0.557016485548768
0.613187321253341
-0.496947254965980
-0.579422783949961
-0.469337335994749
0.507136265274194
0.605666031999175
0.556969852569961
-0.527959164513096
-0.452590376396339
-0.513000877406455
0.435160081214930
0.473171102006540
0.536618509960838
-0.430377350167567
-0.491488892812032
-0.369909942570959
-0.304946799036878
0.347316097262410
0.391303822559477
0.500411429004813
0.453965045864554
-0.462325461249242
-0.400216217738714
-0.270046222485857
-0.334320367649060
-0.227346944315399
-0.160959696548090
0.191855144289658
0.250594913826378
0.302858436327457
0.410242962191881
0.363821769023078
-0.298503214051310
-0.173738295102457
-0.240511676920978
-0.106740649207673
-0.0438453019661523
0.0192330228887128
0.0805597425970469
0.136117940133297
0.251240765967424
0.192986072387845
0.310480086168201
-0.205859785960612
-0.138182105502954
-0.0744752378812563
-0.00891617230169258
0.0674671364990563
0.134396724023774
-0.120342131821775
-0.143709310284391
-0.0994710905112976
-0.0787303521757144
-0.0364119683621555
-0.0127502420787709
0.0254518414031244
0.0636660062426661
0.0814778959802805
0.127411718970203
-0.298321323229552
-0.317036601503715
-0.255877517784932
-0.225748631108855
-0.186085793383117
-0.159797453027737
0.126157154409379
0.188325856320939
0.177386751874917
0.245881855158713
0.250592209226752
0.305027693592480
0.312540745990987
0.366059978942554
-0.422402238600518
-0.473825484129312
-0.415560485819452
-0.359429615414899
-0.355584286293003
0.343877856523701
0.372624798339414
0.403333499403025
0.438903069481887
-0.527409840119788
-0.577343370269686
-0.526280252644226
-0.477769716816506
0.489803919943017
0.466842115385110
0.528805555524610
-0.562454743071864
-0.583353269278544
0.510373114613775
0.550338013647177
0.568339463805663
0.607142557089012
-0.639554515118982
-0.681036685609828
-0.625381658629312
0.584029963292673
0.624180970318207
-0.620486236970408
-0.673860714589328
0.649312074113521
0.637988807037306
0.688961983415997
-0.683283275261946
-0.740939061214593
-0.708492896568170
-0.651962379262686
0.658103346603793
0.698461630901453
-0.672621699199482
-0.717545746962722
0.664622095593022
0.705878300956268
-0.677480102069374
-0.720128363543800
0.665764353958099
0.709186230301967
-0.685231149068469
-0.727489215562875
-0.642289602113906
0.663056135643966
0.708813312212393
-0.686562100827649
-0.613564728296203
-0.659115443035399
0.656363931453265
0.704330892035766
-0.622850965360958
-0.670403118487643
0.590139156618391
0.642071637661243
0.693020997655527
-0.570740197647265
-0.617602508501824
-0.553346024859357
0.564903001242817
0.677078719169766
0.623313789553904
-0.634244499169780
-0.522783255428011
-0.582134151060322
0.513692098003580
0.562899239744814
0.611173498691273
-0.554705916818646
-0.432313689743341
-0.494577217346287
-0.366457434258849
0.427451301070543
0.472664152782676
0.530104097626202
-0.465964859422029
-0.337731299391188
-0.402494183219884
-0.277508315367007
0.318597566472853
0.374606743095580
0.382503149013132
0.437236143305141
0.489954078264920
-0.372525456412342
-0.309459458534026
-0.171563200859706
-0.242116156040914
-0.104793117734024
-0.0377264327409215
0.0375419877096010
0.115085744381170
0.188249699490456
0.262206791033372
0.330039528822584
0.281045058466537
-0.206035944301563
-0.137134290514915
-0.0692339520161013
0.00315795327347491
0.0767351337408928
0.146947613855248
0.211351113679651
-0.0428087223493974
-0.106952440394194
-0.0455363734570250
0.0206879136141074
0.0177539271339901
0.0800128457352695
-0.276847070284970
-0.351918640987406
-0.312771026220787
-0.212322063596797
-0.231880448393794
-0.165196928250451
0.138199579690215
0.196060589126184
0.188278858707694
0.245403406050268
0.299667703792413
0.307751530342070
0.327581771223728
0.356487383415353
-0.450117670451802
-0.504716308595351
-0.478678353801238
-0.390296369794792
-0.420052781061849
0.421254386261779
0.411469737212192
0.464348063767573
-0.527229540640705
-0.618814015390614
-0.566142345445203
0.504747588531106
0.480542527542382
0.544470204421589
-0.626662114940755
-0.667799007618536
-0.578313095422899
0.588923475351020
0.566089242162085
0.624183947044316
-0.630597153832558
-0.674185443686116
0.661601036540020
0.642912714280975
0.696695692595503
-0.722940854452692
-0.762816706756697
-0.673888330060115
0.676600110061633
0.712445298138726
-0.720221848702852
-0.760277860011172
0.735942877931236
0.726274398154027
0.771373867596885
-0.758919796455144
0.744237684496524
0.780005317057616
-0.759400829249528
-0.802043080418668
-0.783038172322718
0.749178638697595
0.785886493236333
-0.767095389597543
-0.806098152432268
0.750920582464586
0.789319754273275
-0.768424001893700
-0.727340240177948
0.749051950304912
0.790202541915351
-0.713060692190301
-0.760205458449285
0.741230050961169
0.785475613420639
-0.715971687596136
-0.754712010677569
0.727710755116473
0.775560007798852
-0.673847339517506
-0.752929551590401
0.662839591122869
0.712849101246691
0.760665674087874
-0.712624536683713
-0.611572930353369
-0.670558195163379
0.588173863577820
0.643032377735990
0.695528872701107
-0.645175183935406
-0.526947789535534
-0.585544310068239
0.554561759891679
0.676931959281127
0.620514665641424
-0.555962490643254
-0.435886992176787
-0.497160702253467
0.439962113106664
0.496865618644706
0.546087349876236
0.601908835261608
-0.466246619329927
-0.341308492120817
-0.405208254076744
-0.274059750538453
0.333210015795187
0.386407974592706
0.490237227112008
0.440283803038876
-0.373262802743894
-0.305716169694375
-0.169520431374798
-0.237276795912660
-0.101619507887187
-0.0307845799625685
0.0401151204021451
0.107153821610914
0.171146144420236
0.232296722735905
0.258663159227625
0.280200293204562
0.385970918267241
-0.198004897813293
-0.133218501168674
-0.0622326954372351
0.00915098497014543
0.0764012424813245
0.144888584270461
0.212382618810700
-0.278782629403432
-0.288593393841900
-0.232765920423334
-0.224921313731251
-0.167803027932051
-0.169506728555237
-0.108572863461415
-0.0473720345785028
0.0158954241423064
0.0783730947476510
0.139063350780573
0.199908539328299
0.140743825392719
0.255681194326630
0.206921382142284
0.267115420040731
-0.442866998470068
-0.475959068109171
-0.404946242248963
-0.381375231426995
-0.343234284671491
0.381823346066626
0.442237174712729
0.397459994706928
0.455129698535781
-0.540638910779243
-0.562079996784059
-0.505357782435409
0.519066758821144
0.513521559652150
0.569979847465708
-0.658046773861994
-0.658038986560117
-0.603281793480351
0.598372602997590
0.622986870304695
0.659405625713872
-0.713626396862351
-0.749060898077403
-0.706582506463522
0.675680847857823
0.711196039792953
0.707386627313860
-0.716796554458163
-0.755344745818667
0.746020121896014
0.730137969858324
0.774920159267027
-0.797300929263042
-0.830823497584652
-0.801998311648648
0.761046726785617
0.792996337274642
-0.798997127426323
-0.835936321603869
0.803054461231876
-0.800131165024376
-0.836150151911799
0.819728315164314
0.814593913599478
0.854305582953205
-0.828643290155809
0.823972650212068
0.855175535846131
-0.838173200150231
0.827593275920412
0.861296774993999
-0.804432265648134
-0.843108451187893
0.825446026308619
0.860986746089336
-0.796007906711344
-0.837375846104539
0.818616271265115
0.856521420368296
-0.790863376593603
-0.828260236976787
0.789603473906791
0.806994579788654
-0.823078408472413
-0.787701563165916
0.744164900640742
0.773470615251389
-0.748225900832855
-0.752282182167758
0.713251600615234
0.727715431271390
-0.704753533098445
-0.613442406445399
-0.668115324633721
0.660063958286465
0.697155605935193
-0.633433708834559
-0.524783579200684
-0.580620989614789
0.535341001551540
0.591236503396393
0.644367802524512
-0.552363137057203
-0.436022116041726
-0.495639042274736
0.491071091309571
0.533451252579384
0.574961397517522
-0.465675945764020
-0.337081222738323
-0.401887893626955
-0.269099357053359
0.326488223787667
0.444289009516235
0.386529022816366
0.489071290018784
-0.361218152051571
-0.301910157795508
-0.229223358274918
-0.0933520662006516
-0.160442285397502
-0.0197867005528177
0.0452238661819868
0.116550194116586
0.186583301551679
0.296805914548659
0.226656262831122
0.356634319326403
-0.105084203778337
-0.0439188647190132
0.0148416019414428
0.0862259999541318
0.156709638354009
-0.176056687670078
-0.230679620323475
-0.162447572599800
-0.113605906749356
-0.0964612146739047
-0.0479565155491679
-0.0221349961315772
0.0190821676703365
0.0419296345887422
0.0794044038438865
0.0907064744886889
0.148281864746749
0.162929019217376
0.212609963380076
-0.347093346261072
-0.394287925730852
-0.341884688233151
-0.290011403351647
0.267783230809216
0.326086388948390
0.324990658620039
0.387018221739830
0.381778459342367
0.440196494814207
-0.534938619085502
-0.567563764197114
-0.507620114790875
-0.448950700185706
0.502421778825615
0.493611943427071
0.551997119087010
-0.612376674836545
-0.648414155008178
-0.591745893904098
0.614791635836102
0.561293260007610
0.607711803545784
-0.705617122565949
-0.744956109626610
-0.697333211685516
0.667970593600025
0.660770378534093
0.710433381278304
-0.751013722985578
0.755112370782185
0.754432270050014
0.795876812013916
-0.786162753528508
-0.824151992015571
-0.791623498774850
0.797786409966052
-0.848635509205985
0.831552392006167
0.823689341113150
0.857211590261859
-0.868841234913913
-0.893985871194997
-0.866549872661833
0.845327063217879
0.872718006065194
-0.867046634308766
-0.898968652036814
0.883073957025873
-0.862757630139391
-0.895370149882437
0.886885892951776
-0.876623169570721
-0.911317753771623
0.891121366076126
-0.872296860210595
-0.898807038702856
0.888705325603266
-0.868909814497624
-0.901850719584316
0.847789713108240
-0.887502084076148
-0.855118324025548
0.834283805578320
0.869409043576877
-0.826906463974135
-0.860267963154258
0.815345309761956
0.849543414750785
-0.790643109372783
-0.826703635081052
0.761928694291783
0.792829070712497
0.807195463819051
-0.789052649518693
-0.716560332127421
-0.751112274616572
0.679221562790034
0.746882232525678
-0.712826756109736
-0.608864586622047
-0.680576404543918
0.627775885304546
0.704372630771276
-0.661499991761368
-0.522192979330110
-0.582502959595946
0.595741172189738
0.617158022574692
0.652505467617667
-0.553282228551329
-0.429415983602269
-0.488269261235822
0.427666978724883
0.552800722539184
0.461221399266160
0.578474785562124
-0.431638757136632
-0.379800778493203
-0.268800110686360
-0.321323951979760
-0.208215364339903
0.264521271297355
0.330536104266137
0.367430175201171
0.392330145503462
-0.257156958575060
-0.192377890558613
-0.153981259073355
-0.0520645179970054
0.0634874960135499
0.127121817673993
0.195109849453229
0.231388855076175
0.294914611345146
-0.282597565651624
-0.341866323320973
-0.283574488124808
-0.214439321639634
-0.137455585831984
-0.0640931157426239
0.00728065244572662
0.109383816908473
0.158169294709815
0.220295635045787
0.267828911116339
0.322818411933499
0.288398222417530
0.364185595314466
-0.447869385618370
-0.497137369382070
-0.452090085767999
-0.396646523541940
0.427205233724848
0.486728664879082
-0.607279655073810
-0.548471084452662
0.541098776198774
0.533817005285401
0.598335668202950
0.585448500319355
-0.680179821017448
-0.627080052195451
0.653088637139983
0.643450031452194
0.702367075271097
-0.769718716670941
-0.726844020233720
0.750547658552991
0.740808592782995
0.786373896614450
-0.791159700673841
-0.836585027706256
-0.807732850345363
0.793545061207923
-0.829783216022988
0.835075998212053
0.833937486823012
0.870060480758944
-0.885863777850191
-0.894768160894164
-0.862090889660721
0.864989871624717
-0.911233415585411
0.890810232177316
-0.922066541550572
0.911652045767135
0.904641183260980
0.930283238467837
-0.926080043816461
0.915284176385381
0.936960473068716
-0.937051530027986
0.915850544474721
0.938515774476275
-0.924067552174403
0.910735418197393
0.936161442676783
-0.929631910041072
0.881723127289205
0.927763277633665
-0.891431763877824
-0.914278616988448
0.887239196036409
0.901310087891095
-0.861284680869920
-0.891329412501920
0.870289377079665
-0.858799116547756
-0.821763128329047
0.835379525327273
0.862457337122569
-0.782099091772991
-0.742075600070825
0.729165252270975
0.777393252390780
0.821761905633207
-0.694074398232553
-0.769003984956811
0.718724299247338
0.754278764951283
-0.723284820621413
-0.639006628582634
-0.670283196944215
0.633236068165939
0.670268230107205
-0.612821413997398
-0.528972002533185
-0.586414819109660
0.514106970128028
0.591633130966165
0.539191833947089
-0.507991077599046
-0.472459833947422
-0.369123663529915
-0.417839624774514
0.426568204260995
0.426998812999324
0.483203105253525
-0.357580278353520
-0.308701825824193
-0.243351676860947
-0.117912066540085
-0.173029706211057
-0.0539108743448502
0.00900142270951802
0.0837040737182695
0.152521310784116
0.260531560421385
0.196407451356358
0.322743855450851
0.375983387438457
-0.109192864039824
-0.0432040118349999
0.0127952987720122
0.0701218496426828
0.132836421544741
-0.0961133625615872
-0.167883423038521
-0.136114694405168
-0.0309115994610783
-0.0698669381492025
0.0425622972471421
0.00786409121513393
0.0789794345205894
0.0811132435197699
0.113654062425575
-0.397374027558939
-0.404101540950493
-0.341001008081879
-0.268826363723546
-0.224372540603313
0.176313935019160
0.229061438683618
0.279012052756300
0.340670514072426
-0.513845741418334
-0.557457778413487
-0.511197157080875
-0.458742163815412
0.410201630683568
0.455507914851977
0.471669475061446
0.515928744690063
-0.661999275274456
-0.638976189486402
-0.580698472156212
0.580308246204379
0.627816414851682
-0.710653354604656
-0.755740525383197
-0.691717453290228
0.680263848054916
0.693713221949857
-0.798923779483923
-0.829403190515707
-0.784257854856014
0.732168665323039
0.774012556188693
-0.839106382014491
0.828761249724343
0.819114704595462
0.857656709056214
-0.867865665209594
-0.898334537947412
-0.869701991506748
0.866444237641615
-0.923498235348063
0.899095034840649
0.900048478316017
0.927483379917033
-0.918096928106825
0.919396161209246
0.942431220069305
-0.945830789845515
-0.958711701233811
-0.936786211733305
0.953136844093783
-0.952614820635056
-0.967589953435131
0.957625776539033
-0.959543634340541
-0.973042368105043
0.957117954024153
-0.947019532508772
-0.969615193607988
0.952011383940051
-0.953860028153637
-0.939323082826839
0.940726904891222
-0.918576110803393
0.915352046345980
0.950577882375979
-0.916996254232218
0.898556601859705
0.927011473458978
-0.887050415731029
-0.851450704148287
0.886162794196535
-0.811964912771242
-0.839583236526660
0.802669015459342
0.846715516755290
-0.798887164061310
-0.749389154527634
0.763559487141390
0.800670695473739
-0.698304104616146
-0.666686996700234
0.683069077950982
0.696083503913770
0.731225286893325
-0.643456961488151
-0.613042151296128
0.531475646262838
0.580293156853910
0.643058153764981
-0.559063707447416
-0.459760165623523
-0.514629737222136
0.426205925554340
0.478527712158930
0.527834867903193
-0.460723519966474
-0.406267043285683
-0.293275157051050
-0.340031931346714
-0.227520542189526
0.197664120868608
0.315446403727615
0.256177279797196
0.367688357965053
-0.276878807680060
-0.215099879168860
-0.161677494959063
-0.0947498088611128
0.0172406797015696
0.0835776255204690
0.143187140996999
0.199349970020649
-0.199938823220957
-0.252140118735470
-0.193522151371923
-0.135246206479069
-0.0766509916686925
-0.0211758838612965
0.0473699891496547
0.117382257287309
0.150293285383808
0.218905050543357
0.193246732143834
0.267033932299897
-0.462651471131869
-0.475856882593752
-0.417557139916301
-0.364809129704466
-0.312838007091132
0.329695886671515
0.381730814691318
0.391840219791296
0.441130432030892
-0.571629993218728
-0.523393832638269
0.499483384148785
0.550836974362172
0.552758308601573
0.601062032705077
-0.667558356158176
-0.613504899563247
0.639212442708437
0.648476671032162
0.686333973096951
-0.737150923515543
-0.718738616910734
0.723254867554776
0.737206112235244
0.769080297004799
-0.814137774096156
-0.764979986310633
0.804539247376261
-0.866440987472877
-0.888409635849586
-0.854861526492972
0.844041873210792
0.878755352452658
-0.895809736090938
0.892126176769357
-0.923242325311115
0.922770603576464
0.947287243312358
-0.944044564611746
-0.964638084223040
-0.946692220275396
0.951369254219966
-0.976750949623026
0.964389139329928
-0.983610443661747
0.971422372400276
-0.984005291234687
0.974279199377132
-0.979513307840575
0.971040564998349
-0.962045778003923
-0.973265506637322
0.963867580421058
-0.942540637672070
-0.957939439322692
0.943642826244036
-0.935762314343878
-0.909571551720142
0.916709776760202
0.931700243693140
-0.876839105823644
-0.897215368636860
0.871823269501461
0.903726870657268
-0.862835800799043
-0.826833789578313
0.836081388129375
0.853358833071010
-0.785768422866480
-0.803446233220375
0.788147167618189
0.816490475100097
-0.758256515490207
-0.717195966270422
-0.727597311230976
0.743315135949014
0.774209977302647
-0.681906014384901
-0.629423616325029
-0.643206332969258
0.620858316825111
0.666868234326962
-0.588148886516744
-0.572668991077414
-0.526459926523449
0.476449962458446
0.574349399569973
0.524997462601491
-0.430573902763907
-0.388836343140784
-0.324357446750213
0.304382425652308
0.419561890575213
0.355516035679939
0.471533289960762
-0.259323325729822
-0.197085317305192
-0.145544336114211
-0.0317081914915738
0.0348212381739629
0.102178741027405
0.167454202372717
0.242769810779025
0.291748288608077
-0.310804829275066
-0.313546082079896
-0.253157643607931
-0.193651052443555
-0.132659055344283
-0.0628300223129336
-0.00478720055982116
0.0651672717840733
0.137147207216343
0.199360856178802
0.257060201981494
-0.485192834108915
-0.423194268546400
-0.367405825088754
0.322860488414590
0.379141952417221
0.433283077126657
-0.583071646654550
-0.535132767892985
0.494533377223703
0.545333869893070
0.600438521113100
-0.679861316470486
-0.721904132035905
-0.636479820001509
-0.628268701429376
0.654170727652928
0.698142523558226
-0.758553077397424
0.745441110903155
0.781757720338238
-0.837225016723981
-0.797043363965648
0.816430572709984
0.822953927775874
0.880857887042553
-0.909126681170617
-0.873604298824829
0.856888471361602
-0.917248757719395
0.912062067774881
0.896488971899949
0.925545148932213
-0.943432009508887
-0.959602201370709
-0.934734772314719
0.938954542540889
-0.964957876743722
0.961774636764228
-0.980433624981097
0.979654076382528
0.969185220717798
0.984118218161184
-0.989627402340994
0.985569471608476
0.991855113083889
-0.993110498657241
0.985755725206584
0.994355496328286
-0.991674610862553
0.979584118189959
0.992288453939755
-0.985702446868876
0.966783716568189
0.982217859919523
-0.972198700561837
0.956294297943656
-0.950546440027966
-0.927580240641581
0.942745519294266
-0.911226509631185
0.886147560124208
0.916325475077486
-0.877723017991836
-0.843797246551180
0.864651173835646
-0.816701026263099
0.799451637373024
0.829205928924816
-0.772994191577193
-0.738419183309683
0.712508751848152
0.757179228234835
-0.692010779276556
-0.653347175941396
0.624694835545174
0.673920783349485
-0.603085193677116
-0.547550615037613
-0.559271041589258
0.523887968533521
0.576112907677879
-0.501746815802372
-0.484540370779392
-0.373780132705954
-0.431543567949010
0.339062754288308
0.405092426147569
0.455284267817597
-0.367580643187337
-0.312092987391243
-0.252390093912913
-0.134131107992065
-0.195885892652323
-0.0827499484044312
-0.0187582737024952
0.0456433828333145
0.168347151333329
0.108675426401125
0.224424586426301
0.268679741515431
-0.128499465607656
-0.0708174433826180
-0.00655135491285129
0.0581654374127003
-0.312447237738183
-0.252657247905348
-0.186879984126656
-0.128574609135984
-0.0670670360818242
0.00964102003315317
0.0864887216067603
0.155427387736936
0.220675363594343
0.259142354030173
-0.483137218640424
-0.431638503181471
-0.372468501401414
0.316314541035693
0.365168394671849
0.431957244951983
0.483515389334203
0.501560448500444
-0.588777010955455
-0.637957152144732
-0.588109606747026
-0.538030691612952
0.560438334051117
0.606302565978926
-0.726516946983224
-0.682752629445394
0.661573711907049
0.704246564805654
-0.803611329342254
-0.806707297639520
-0.766094964162906
0.746456830474341
0.786396961380885
-0.842346217922871
0.820941407846525
0.853362793696352
-0.898575429334178
-0.872052231039901
0.884349604363649
-0.926511967778999
0.909495451624301
0.934088105531785
-0.968150059225835
-0.948983938830312
0.950108334498843
-0.977747618296061
0.968891022709674
-0.990398181830211
0.978640371537629
0.992038106242599
-0.996968835400902
0.998033261055550
-0.998404112049729
0.998593358954998
-0.994787190669474
0.994965120559923
-0.985682187523444
0.973524903454282
0.987871188827741
-0.973129041752123
0.962483667488131
0.977380622576605
-0.958656656135154
-0.937445697843433
0.949820617528880
-0.915632890376224
0.896202198581027
0.925696878986439
-0.888190156150745
-0.885874422356645
0.871464660241645
0.901633714297034
-0.855726361935224
-0.821959529328508
0.805455349213301
0.837720569515259
-0.782156195049443
-0.744734417416854
0.720760949503959
0.764897609336048
-0.700545127649662
-0.659766782739998
0.629564425403958
0.679322118437626
0.725611276334814
-0.611158934209983
-0.567229072533651
0.541524938795755
0.581448341767833
0.634328104719603
-0.516596032241358
-0.463702116724166
-0.410483909972908
0.390439695537008
0.493667401179114
0.437923070259135
-0.354878499252591
-0.306420471768420
-0.243852196547618
-0.186613325287507
0.123915193143350
0.259456194835465
0.199962625738484
0.324079288885152
0.377025469131657
-0.118817731210719
-0.0622757805341908
0.00288393499106120
0.0685116687199437
0.138732383173340
-0.290012497607268
-0.239181193098078
-0.184431110687094
-0.127726981628871
-0.0682283450974926
-0.0139493694286136
0.0489446876036124
0.114112871404132
0.179163930937842
0.248082423455824
0.294644738864968
0.347823420687795
-0.476815825458069
-0.420663717818676
-0.361954174384010
0.408292521265280
0.465031556501947
0.525284649316267
-0.636402976916785
-0.580067755405239
-0.533046414706747
0.578061885687323
0.619614428332803
-0.725755314652573
-0.683499525154552
0.660658512447551
0.703944201232096
-0.804455994901106
-0.768008400855436
0.741382237155419
0.783235483374682
-0.840740717707276
0.818183489014176
0.854132270064142
-0.901938244003926
-0.871544879827168
0.883723619969671
-0.926995293686012
0.911374145723147
0.934054833471886
-0.967563245218385
-0.949441476203846
0.954717125227354
-0.982631679357916
0.971802010181230
-0.991137989687835
0.984154167087738
0.992006757687557
-0.996848585936416
0.997564796143296
-0.999826445925024
0.999846148498707
-0.998601912832511
0.997734077708907
-0.992670177556664
0.990818253812438
-0.982587776306336
0.968219145914118
0.985520272804875
-0.953778169848430
-0.966743760169665
0.948959946502905
-0.934044650506363
-0.909271694117848
0.929248156874157
-0.880517029402750
0.874292156999532
0.903822411432073
-0.855294822682250
-0.819943998828563
0.805894298595212
0.841914552225977
-0.784989955721706
-0.747765344835039
0.767978198890787
-0.705336206912208
-0.661962442507082
0.683428455480673
0.728462857747711
-0.615798431163676
-0.566794193353294
0.539515588779024
0.590161236991474
0.639074911466868
-0.516426259405761
-0.461267063255298
-0.463193211849047
0.431954221995242
0.488910990650272
-0.407418032708895
-0.296302438711738
-0.233885103392958
-0.176529412733452
0.201408557906510
0.259337517412086
0.315314926743203
0.368745869697518
-0.108560275454458
-0.0526783338651642
0.0116691745172137
0.0773911570143471
0.143074711466400
-0.314541299502369
-0.241593442114455
-0.177825321449650
-0.122539626387784
-0.0551090319689333
-8.62175030883652e-05
0.0665115561134057
0.133161010323658
0.201255869380880
0.265465532602255
0.307730233491822
-0.469194793428613
-0.417086609664246
-0.363657805910900
0.333734204170969
0.376111136092349
0.436400843744554
0.499611345996542
-0.625006007457586
-0.581581434608775
-0.529435036022204
0.559978101632114
0.616370886819104
-0.723286299497458
-0.678770170859767
-0.646299668312889
0.651482253516253
0.697313353524701
-0.766210564834075
-0.748781718055287
0.733714165069409
0.777388749677871
-0.835877459835933
-0.794631948526081
0.811437439658840
0.849562201008269
-0.899823322816819
-0.867913400543929
0.874436597203440
-0.923017501820116
0.908218632192611
0.933059952308750
-0.962094155814754
-0.947156370021064
0.954127763603198
-0.979357279955688
0.967102398505065
-0.987209673515901
0.982335399866705
0.988780096840843
-0.995681474331814
0.996130687568305
-0.997282619189626
0.996028731218492
-0.993727902013292
0.991639450473571
-0.985686074540499
0.977572740699845
0.981845291930928
0.966627489558165
-0.974684392988132
0.960484327247605
-0.947086251801404
-0.958921710639688
-0.936658087783858
0.937887905420467
-0.923938320545390
0.925050755840138
-0.895877082869633
0.866166900234292
0.895238014879355
-0.850469910363149
-0.821929469534554
0.806400892273193
0.838715176136833
-0.786298553802754
-0.746073187986597
0.769416436734524
-0.705575177780022
-0.658995678791502
0.685037864033320
0.726760017853503
-0.613973056868305
-0.562499619726781
0.538412828818160
0.590726471501964
0.638935673042424
-0.514455776886365
-0.459503814342117
-0.404455900365237
0.425028928680100
0.483036799672866
-0.350230536079729
-0.290574587079720
-0.227834820202793
-0.166213893513419
0.206197894462147
0.196497886721060
0.152725170728512
0.255218359089966
0.311344894156678
0.369335209043774
-0.0971449371250540
-0.0429046457461006
0.0189948024206312
0.0862775611836925
-0.291880240021657
-0.227522778064761
-0.163935558645726
-0.110288656459427
-0.0390343260549248
0.0150630771671517
0.0833974486541616
0.151347878417942
0.217852339631835
0.285463292743146
-0.463904425886836
-0.412938652834803
-0.347518215662053
-0.281275906988708
0.351441201034788
0.401732919802655
0.449571697736935
0.472663200941608
-0.557109928901258
-0.517201314645582
0.510311332426450
0.535136255910499
0.598485462586208
-0.697071680528101
-0.663207574802105
-0.611981415412251
0.634250493935838
0.687880620091612
-0.761583599584455
-0.714778508970719
0.729047788268062
0.770350863674107
-0.832506533751760
-0.797764880513326
0.802988172302631
0.838314082471621
-0.893601466496862
-0.860132072376127
0.852907868959633
-0.913985796318908
0.891122158367628
0.918259800227112
-0.940951223236057
-0.929841676370824
0.945697660210766
-0.971505164595532
-0.953412919969476
0.961087979738685
-0.976722323054693
0.963618511918831
0.976907245962017
-0.986968963638206
0.978475794170677
0.989110854031310
-0.991150285028079
0.987943406297325
-0.989271603829639
0.980882262919869
0.974659556295899
0.964613828354343
-0.981803370364766
0.968122431883330
-0.969114155510090
0.949746736469243
-0.949874398626365
-0.926238609443742
0.946355653154230
-0.912758324847211
0.909246184393799
0.920423616349808
0.889574172344345
-0.859725509364455
-0.882214326851593
-0.847481013135070
0.875265442128786
-0.819031659855899
0.797709172291182
0.839555287178406
-0.783384481612335
-0.740763685773652
0.764138213484818
0.757716152258122
0.720781981360675
-0.701394708783630
-0.653597437001368
0.682312111104030
0.672688109910196
0.635200904881355
-0.608822075489194
-0.554820751172927
0.540251768723913
0.590099710219221
-0.508800418711090
-0.452074291394995
-0.403714554882315
0.430571494996916
0.433374851713785
0.373280863454381
0.486473269043441
-0.346140682739321
-0.285545734524457
-0.221450848539201
-0.159277880333028
-0.167493791915266
-0.101770806258432
0.113677699528146
0.149979848266143
0.0740642732391360
0.215174764713743
0.263795026673367
0.315501495598620
-0.0338751054251144
0.0397021777553495
-0.215286903932169
-0.143869285215484
-0.0914550315806366
-0.0199924499604629
0.0318747068617693
0.0998381592343180
0.168035486080087
0.236520592367048
0.303080662388334
-0.401772567412044
-0.386561668285872
-0.337784817753649
-0.276184845957349
0.254319141736940
0.362354792284653
0.405599472511817
0.469981337889745
-0.571215026128012
-0.509704433675117
-0.450034504012378
0.532634909218462
0.590260612059072
0.571743430026049
-0.666663496029548
-0.620275995837317
0.594571451404046
0.639050442895959
0.682618573524727
-0.740359514416374
-0.699072497222340
0.724044579364287
0.767391170479066
-0.825436662716905
-0.781126469277206
0.799032606854932
0.812169415102369
-0.882826902733881
-0.849208160775276
0.837924097011869
0.871760756622350
-0.899231621684156
-0.868080440987432
0.900667183123233
0.898652728601508
-0.913726655818962
0.926485688454030
0.945124949166918
-0.958852913768632
-0.938367745204988
0.943969138142607
-0.971162811527476
0.959713935558471
-0.979316938632779
0.963051668930085
0.975826833593180
-0.980922523938921
0.978912527132194
0.963633610780459
-0.975876461859417
0.956518291617961
-0.965083778092933
0.948753777219778
-0.948494423127022
-0.943478048358898
-0.925598263052951
0.927407845554550
-0.901178068404939
0.926053861477511
-0.897625674038978
0.863045359485481
0.897110925102867
-0.865530281990930
-0.830295771206983
0.855192841924214
-0.775247986922117
-0.804385341416197
-0.765397495754700
0.789473251395858
0.824242239382332
-0.733341057685326
0.711453861400301
0.745993244084819
-0.696687212293592
-0.648986645577779
0.621881215844223
0.663198064688969
-0.601634712028490
-0.499880998721384
-0.546791248494889
-0.437798787480303
0.541196342040449
0.588176305612912
-0.391904277523560
-0.348589559352767
-0.334859720024057
-0.295880452624332
0.381424205588030
0.443119573229489
0.489082821833905
-0.236335075144683
-0.196978909959549
-0.127593860481575
-0.0623140808044171
-0.0278649069184678
0.00239610014273512
0.0404886041556411
0.114629382135285
0.186537621647365
0.262771098653753
0.318051716945310
-0.184390766179719
-0.116318885320893
-0.0693655756284838
-0.00673029139570717
0.0471441856441085
0.0648917277531626
0.116809296207330
0.186412742273569
-0.372971477582202
-0.318143171719076
-0.245813852617510
-0.206967950024648
-0.138478520430469
-0.0605052593666387
0.135931488257070
0.204308135882521
0.268598680100872
0.317102091372012
0.381039190489815
0.424559766136307
-0.539753841812433
-0.490652088632502
-0.433761772468096
0.444153869033066
0.487715623239473
0.545963387772887
-0.644874655643966
-0.589259190351212
-0.534547642158550
0.567083432314483
0.630220420757111
0.678530035012432
-0.743951767984407
-0.696835466238042
0.671073025607353
0.767026680445011
0.718473744877032
-0.812256206284015
-0.744842578392898
0.753484401462533
0.787242176547307
-0.824775881940288
-0.781669558286894
0.828425332650005
0.866490866563681
-0.884739283842236
-0.851064152410925
0.874475703996510
-0.911568515815713
0.896256933849922
0.923413788339309
-0.935127543538509
-0.906518611859716
0.918185844191695
0.935651055168702
-0.951599032836703
-0.925783700653494
0.944523999843237
-0.962345672583164
-0.939836054731342
0.946158163267009
-0.967384736505967
-0.949417219373353
0.943893755781140
-0.965606879708450
-0.951006506481230
-0.943024136134363
0.933328188302231
-0.956694990484302
-0.932557123208351
0.943339229984140
-0.918872867075229
0.924112378267117
-0.898168667571060
0.901133846158354
0.899833273900976
0.870570827682287
-0.869835142563295
-0.870325382546379
-0.835459909888441
0.870579649583421
-0.833218227027729
0.824122509239155
0.836948342820728
0.801445505307939
-0.793151115263841
-0.750332615034340
0.777955150889266
-0.687093341733162
-0.724536301883812
-0.676167398497737
0.699988925408787
0.736016361823788
-0.600180250182364
-0.631560383123002
-0.572270948287539
0.611730846727768
0.648733775861399
-0.516161859460813
-0.488156782757754
0.500606742467793
0.514598550900932
0.454456371739771
0.566578602637679
-0.431209386029895
-0.373940345711674
-0.267069030732134
-0.303755253684743
-0.229843167785061
0.329486054565077
0.347437804245635
0.284094378982328
0.393756207170764
-0.159714721482218
-0.0923545047832545
-0.0579946326374333
0.00810807994699988
0.0779668091711354
0.148469170941144
0.220753234085976
0.0125712758947174
-0.337515066236596
-0.276898326406168
-0.236544488900322
-0.166671930359990
-0.0961759812283078
-0.0297933401690982
0.0396996631421831
0.0863518303404420
0.155325863704355
0.217687017683058
0.285483724263036
0.334280008453075
-0.471775915055472
-0.407241138518024
-0.366182713652880
-0.300169062107438
0.349732446826925
0.397600352138250
0.456821639519092
0.506151183201972
-0.597481673190203
-0.552118418627894
-0.493029406831136
0.516076853663446
0.613224675938355
0.569675768248347
-0.653188546571201
-0.662156167428018
-0.610211313966099
0.606575803785312
0.649841541413082
0.702750483700883
-0.745712684320635
-0.703996960328139
0.711615180389683
0.743430497953621
-0.817781931763037
-0.786423750727701
0.761015284871223
0.842937524190182
0.803733456583281
-0.852941831833012
-0.816400273676983
0.819414632845390
0.858968421880833
-0.881978876106016
-0.846452609702985
0.884643334812615
-0.895929601312696
-0.874951831614610
0.872719436961093
0.906014997825372
-0.912137888181303
0.918805481392092
0.888606315783962
-0.923246623194880
0.895796213645569
0.924242501414063
-0.934660122220695
-0.910728994748071
0.924319833653671
-0.924516084748500
0.919841296915651
-0.915938604310268
0.916831969715134
0.904722435894639
0.884718884456557
-0.905509515871747
0.894315989175968
0.860958555981376
-0.866237250122446
-0.890233680249411
-0.830106135154121
0.867933360157299
-0.835036775922491
0.836933654101092
0.834895868834912
0.797552997415803
-0.794567520761289
-0.798305825183616
-0.756151962061704
0.800078052347053
-0.698255144359058
-0.710189648092792
-0.655240676569805
0.718767818095784
0.761656961348673
0.718759869710934
-0.642404959255406
0.685173812896852
0.636537278825068
0.599062384840134
-0.592888029626468
-0.539038620055711
-0.542536313648626
-0.488316528008652
0.563910754364307
0.547718115656767
0.514958126053321
-0.461124322231891
-0.419377314552436
-0.392036340709057
0.407382630751926
0.420464361107282
0.366197705595138
0.464037324183861
-0.332319638563158
-0.260884452719624
-0.190904971656173
-0.218172588568268
-0.123702922170997
-0.152840058714167
-0.0876742137278862
0.178348453632738
0.198204080640996
0.135190195691331
0.243053474008680
0.262762739618865
0.304589327555385
-0.0207027447387531
0.0440149621757677
0.111688857074253
-0.195430298573443
-0.127118831188084
-0.0624246258443488
0.00195401288331134
0.0678089092847570
0.110819221069963
0.119857714289973
0.168356639654425
0.234990105394146
-0.431020743265573
-0.386414773819586
-0.326056823978715
-0.261698724835137
-0.219710808043571
-0.153792402848592
0.188431663406476
0.249214698993905
0.301715888481925
0.358270515918278
0.406329964362714
-0.564769586718049
-0.507886088533556
-0.448823210071729
-0.403558991839213
0.414569667229338
0.460692055546190
0.517868600936576
-0.619594338413644
-0.608225562153254
-0.574893044338916
0.546047302115905
0.630275745633272
0.665535470274020
-0.703293403750679
-0.659479458533741
-0.658447056550036
0.680728391816440
0.729376283255347
-0.780539359389687
-0.738421878107633
-0.702509177639762
0.696506692924648
0.777051019263327
-0.777429687006981
-0.735777152815367
0.743164348721676
0.826031487626775
0.787383679324286
-0.838736822991948
-0.806288979508122
0.849340188943369
0.803873122255453
-0.863482204160537
-0.824601696334512
0.830765007010077
0.853377454238138
-0.883009133642930
-0.849492170139276
0.861832730242201
-0.893998063960104
-0.861077220080873
0.868642765919447
0.899228600158157
-0.886543703066589
0.897690600978673
0.870316676391387
-0.895334017353804
0.891570551265406
0.867218439360546
-0.887145636909211
-0.851652862791504
-0.809977468438830
0.867724215655326
-0.874488762377634
-0.836925473059974
0.851806562489360
-0.857951002084329
0.831922440742798
0.823369328864705
0.792849992750887
-0.796612149466413
-0.790096551334582
-0.757107534844347
0.794468182586293
-0.759958597280802
0.759037614153146
0.753112270260799
0.712030025968452
-0.716040759143316
-0.665337752512132
0.673524695659301
0.670322693106695
0.624203154635861
-0.599994036263543
-0.608716453747691
-0.556579224807005
0.585188210548482
0.567949700616477
0.527003746193333
-0.492011438204493
-0.444406456710618
-0.457380761850738
-0.423278474409587
0.484617954223180
0.471999470361768
0.430883841902525
-0.354969258589678
-0.379462992405424
-0.287660428299492
-0.308207711541338
-0.240611525458790
0.322125711484497
0.337252321553193
0.291369945081638
0.367386722249521
-0.173319614515853
-0.113632537860337
-0.0461080236341903
-0.0654465158525650
0.0178598581333001
0.00338266054010850
0.0766887456233475
0.0738743809878754
0.144503230502880
0.215889361474428
-0.0880400085916159
-0.0222321972906575
0.0455475710457059
-0.286533982002408
-0.245744099348457
-0.180605758533501
-0.115927120260752
-0.0500914908099262
0.0170687159597300
0.0877116816677495
0.154342628950928
0.179221688956654
0.229096793085423
0.300411266104353
-0.463709576746226
-0.423101570220659
-0.341257956730792
-0.294093471820695
0.285488427396155
0.353515305756341
0.448167933427046
0.395614509279529
0.483136752269424
-0.544024339088649
-0.503611263798062
-0.520508691523117
0.450533958513145
0.507396241163078
0.575834066925565
0.542903350133556
-0.613162365683255
-0.583173256131281
-0.562409637266196
0.598176744330141
0.647585998163004
0.609231009392557
-0.691941192551621
-0.660374553368419
-0.641456314727977
0.658999426657894
0.709802354775944
-0.760961144626696
-0.707713524792149
0.719684680353261
0.755705361532251
-0.797966275110564
-0.760280984909538
0.767671038497075
0.795692232136101
-0.812023275427155
-0.779427827391529
0.779371139546929
0.822246300235471
-0.824102711135939
0.833634134734875
0.796679602411342
-0.862599194988702
-0.828931847167906
0.839045369662732
0.804514927622735
-0.862899011225662
-0.832187755898638
0.839061930183322
0.806833201459994
-0.862085111635974
-0.829291377062984
0.838415598051895
0.806087196158363
-0.823423156793649
0.830100965999559
0.798580386517905
-0.791296883769038
-0.767513556650749
-0.748048416304616
0.814292583927943
0.786423444857415
-0.821329296170827
-0.752916218227453
0.779172243586533
-0.682873104156946
-0.717913253866540
-0.641885836744376
0.751317071976685
0.755515424079852
0.713444348249083
-0.720946889883027
-0.673679101805115
0.661823646195235
0.703686389114813
0.649888897618101
-0.618429222371365
-0.631604920380481
-0.577196892992787
0.618106978183023
0.605362759192348
0.563114802518273
-0.513472962623847
-0.559058007754810
-0.494413460976805
0.509460039862274
0.516177787472859
0.465045240178228
-0.395941227038193
-0.363207550115829
-0.329366810843951
-0.323812065368741
0.402473152503234
0.443041111954467
0.373594787793996
-0.257931220573641
-0.191006800550194
-0.222555223381432
-0.121437455781443
-0.153828830907501
-0.0426096783481715
-0.0859658561722020
0.0299466240157944
-0.0106331304379892
0.0974625162379989
0.0601181427666695
0.164905124431540
0.128245186088673
0.233274077121117
0.197845539541741
0.272897861171782
-0.218506989678728
-0.149384307641460
-0.0819764931840350
-0.0147351784168043
0.0524488930672143
0.115850049730096
-0.359639646778091
-0.318281707273021
-0.254111358603963
-0.181616650327661
-0.111821935235921
-0.0430084473289264
0.0258016346987268
0.0927276369436016
0.159504343041304
0.227934948095298
0.273509341330323
0.333571067916776
-0.484251866985092
-0.443981804667871
-0.382217523170816
-0.277969336109033
0.321495031829670
0.384045517290517
0.427934092724421
0.495186091745907
-0.525955642977134
-0.486862380606243
-0.466689055268807
0.465075171803297
0.555719528095746
0.514774543160382
-0.605626861681817
-0.564889255204729
-0.546796386087430
0.569410877719625
0.669324795118740
0.616699431334073
-0.719787936865790
-0.671165840895265
-0.619669062578838
0.673626179781722
0.621311869421173
-0.731414620518738
-0.685287362930490
0.639315171413414
0.746106842893800
0.697542546222845
-0.781895271386678
-0.743769050034439
-0.695899812680821
0.735608514019685
0.691793920452491
-0.790279834157959
-0.748215407086003
0.754266275011903
0.707483457559720
-0.795143723731188
-0.754592367658210
0.721860212181520
0.766018409843138
-0.795699557915088
-0.757301022554936
0.770705290145708
-0.790643687905738
-0.754953420994216
0.770860563886862
-0.781728656933778
-0.747366200345619
0.754903918568626
0.764650525485170
0.719395157776407
-0.735353366850124
0.746399396518866
0.711235004001447
-0.704632442491562
-0.717715573312617
-0.670687004619751
0.729555371763822
0.697536847553651
-0.674685983750876
0.668019712152430
0.683341148532837
0.632550200122606
-0.592305406421766
-0.617613241235635
-0.564321297394266
0.596149568679954
0.614977091656525
0.555478383281634
-0.522258454941044
-0.540484826216532
-0.484954329100818
0.546147575695900
0.500635174273774
0.486581931461244
-0.431942371480367
-0.460732800592181
-0.364795952905686
-0.397155989190754
-0.329882697157689
0.405559787829482
0.431783426122299
0.371523106627366
-0.291481889202107
-0.295774599442570
-0.258119818048580
-0.224748836090234
-0.188385946890285
-0.154926121915823
-0.119762014289392
0.163648974457308
0.200158534448920
0.130148866953960
0.235734593415100
0.268202703441803
0.307857390467718
0.338392012417287
-0.0500300037920250
0.0226430609728047
0.0938782620153961
-0.212389433242640
-0.141651053624322
-0.0713433649965602
-0.00143532953101320
0.0685025721648670
0.137104208055129
0.206760285341584
-0.405295429001972
-0.342367395426970
-0.236897627806515
-0.170848195366582
-0.100320951406142
-0.0299333712738215
0.0410633793050647
0.113121974137533
0.183648933024245
0.231320142898088
0.301297193037687
0.254029784125851
0.367367257988344
-0.428101001227351
-0.387747980144726
-0.365207562368346
-0.301540722707837
0.286076960286679
0.349843789887234
0.411333776878622
0.463319449731151
-0.507210539141871
-0.464551680274128
-0.443793716582913
0.397774386850296
0.440934292775636
0.521336236050462
0.566015501803138
-0.633642816269974
-0.576543698424204
-0.522372682331367
0.501391265466631
0.530592488984665
0.584600241813970
-0.646752112044032
-0.593437219266535
0.543174793134287
0.648019603675491
0.595959894876078
-0.706079398398870
-0.657676889409321
-0.607530940232642
0.657015639485962
0.608307453605115
-0.710459029583049
-0.664342614990746
0.670636965550174
0.618775207047354
-0.715470689467264
-0.669933479588062
0.629992681867201
0.730208524510556
0.684333528544906
-0.715436952526822
-0.672113056367032
0.732005529945726
0.689552556956472
-0.710514411798912
-0.670005553806834
0.726942110668366
0.684876104291806
-0.700499030694584
-0.662654496826356
0.672588721827147
0.679905825303436
0.631411244797024
-0.685709268487626
-0.649671798439328
0.661756449504596
0.621780347421003
-0.614385500517154
-0.634265926838445
-0.576824547958414
0.648423047442672
0.611010484773980
-0.648452549274553
-0.589433752160745
-0.555097068498444
-0.496406847304294
0.574384889929719
0.595038960036196
0.538775165958692
-0.532632863032875
-0.508686112677983
-0.474292783435121
-0.450117301416026
0.514263547809625
0.481868052918750
0.449024107560354
-0.424216482069826
-0.360762749865040
-0.388454843179029
-0.324870806185148
0.444983954832635
0.390516217951707
0.390178373097780
-0.260827329033476
-0.294010784754007
-0.225306188505935
-0.258116497610778
-0.190530906686542
-0.155397097764936
-0.120371102828858
0.167612613573270
0.204936111438884
0.128933490691403
0.233739300203693
0.270397680045832
0.299617992983918
0.331874055078410
-0.0851188810987492
-0.0501959533773275
-0.0145098218907443
0.0211468434181379
0.0575381553036703
0.0932107338600737
-0.196162569795014
-0.130115049411590
-0.0601636934692258
0.0113817199243539
0.0824640763649493
0.158714122286972
0.224334090301006
-0.344915898450061
-0.322376299364463
-0.261260841636088
-0.156690652470441
-0.0953828548066908
-0.0236515302098625
0.0408801262702432
0.107373076634426
0.167217390039792
0.209258597177137
0.271951487841297
0.333006642140230
-0.424006454062663
-0.395288268983493
-0.321157134322646
-0.282284587042466
-0.224859053739760
0.250153526262821
0.316483847087483
0.410970557984680
0.373564835583128
-0.530117756533770
-0.477495285223390
-0.413929272229314
-0.364670986127429
0.357571502237365
0.470451781861228
0.424276903569284
-0.558006376995646
-0.508211699511414
-0.467100181964682
0.486905744990202
0.443329752018077
0.556882626504518
-0.612670285691872
-0.556765899889622
-0.490155629013676
0.502255141231756
0.516400246424971
0.569469917715419
-0.622740781016236
-0.573248247624846
-0.524506735167071
0.580805040365157
0.529563886192297
-0.623785708662269
-0.573601560711608
0.592630089374110
0.540634169255393
0.643359414915639
-0.625360070136701
-0.573227762583395
0.590599233396037
0.544239227249474
0.638461697653607
-0.621721374191784
-0.576942949637453
0.587253489023715
0.540794895628745
0.636068188579222
-0.610866237176979
-0.569867941051065
0.581135477205569
0.535324770532855
-0.594825453010220
-0.535937429208156
-0.552931798206420
-0.493303176927977
0.569524901278282
0.529408130683439
-0.516721798892058
-0.474581557926598
0.503773681136458
0.513603759033977
0.453331114303131
0.558188923855436
-0.436722865314509
-0.456587739196815
-0.396047040024477
0.420223619995505
0.400588337374000
0.360548750178966
0.451977819730635
-0.414081280857114
-0.376015569126484
-0.352027875566425
-0.314038048235446
-0.252382469309121
0.322210758812925
0.313052213774624
0.259974418959809
0.377921063511952
-0.288763251443728
-0.189493961362842
-0.221734464204175
-0.120295820749302
-0.153462215678889
-0.0513827721391472
-0.0857001785370685
0.0175445372551989
-0.0161231590244742
0.0898308675187771
0.0533781769331183
0.155305965301522
0.133739304761795
0.263328398677791
0.204856564646706
0.329940031848667
-0.0854094105867683
-0.0154553462795963
0.0569352488215624
-0.123507530089889
-0.0607129104489955
0.00532386337537432
0.0767936012109937
0.141188757181795
-0.251516066000653
-0.181860509157462
-0.190399358191937
-0.0557901308605823
0.0566242190321059
0.120055842644106
0.183773711837285
0.217583346708084
0.290577047507268
-0.347918970302327
-0.297687728204813
-0.235540203829098
-0.169966783859326
-0.116738333380921
-0.0535848234169151
0.00577502807232951
0.0804584069807834
0.153857712157991
0.198667649526040
0.257029960106137
0.320459046892540
0.379859187144675
-0.444742986912262
-0.397560771210259
-0.332879730114344
-0.284242591131970
-0.222228895052014
0.268178173199039
0.285618165019174
0.333215042238722
0.396590811527808
-0.431496881576694
-0.381003444687690
-0.316104763604433
0.350695915094765
0.413746192127613
0.458655157277413
0.474184782923535
-0.520880013805885
-0.472217536585853
-0.417501791492828
-0.368010154798907
0.429382177955302
0.367257379939151
0.486257843103929
-0.519472080225307
-0.464333329714997
-0.405493606831681
0.381619629227895
0.437223739008798
0.492211209038245
-0.520925797027168
-0.469695421334010
-0.413951690428936
0.491435689545844
0.438901679600758
-0.525977469646113
-0.470567167999876
-0.420425202007314
0.485520106408401
0.431796681028216
-0.508712227020108
-0.453211140734810
-0.411313989164374
0.422080468376777
0.427655594688434
0.362563625423533
0.480775664449759
-0.432932863563493
-0.369248786137789
-0.389034290905160
-0.324126895513310
0.422315236396734
0.366800693639752
0.475560612296384
-0.413056659573110
-0.348595943565405
-0.281592929698279
-0.303836189234516
-0.237466505762239
0.337562678437960
0.323888827474295
0.279193523835858
0.383290681526750
-0.334570789624928
-0.273757281999537
-0.217961065719651
-0.211914067567815
-0.159992953636582
-0.140088993857296
-0.0978307967906728
0.190260974737860
0.175899261864329
0.130412483924800
0.247700804366047
0.235935616001895
0.295271726311802
-0.185782009298794
-0.120918622418858
-0.0535920160045711
-0.0352038596138033
0.0157851219476742
0.0249119438474817
0.0826304682579681
0.0822272734731149
0.142651343968252
0.195708590473366
-0.106120991656620
-0.0394159100667067
0.0126391744215765
0.0695606882168327
0.131766009204408
-0.269724422485594
-0.208312106394068
-0.156660789666260
-0.0882182456068009
0.0210545478924703
0.0899143703549141
0.155890410258796
0.218904315045842
-0.251418512949125
-0.185450051083521
-0.135807938599283
-0.0264214891026157
0.0399589070685404
0.109226444969391
0.173885025980216
0.237532909584982
0.302671356227903
-0.353059002134633
-0.303690238128601
-0.250745550497419
-0.195078549478734
-0.123576000278686
-0.0731128821560273
-0.00896633218748899
0.0601569120357530
0.127516976579832
0.192033070679639
0.255367932246973
0.318481436006768
-0.351101355562768
-0.299144137404321
-0.247555898813997
-0.194293054733220
0.147850503418203
0.212119648102442
0.273666510869531
0.332605767695725
0.383486958581253
-0.357162540686413
-0.298703001369525
-0.244162957572239
-0.190000038491570
0.243572766381909
0.176057330977782
0.312064683588913
0.376036553569853
-0.362431718393616
-0.300187658414257
-0.236019699963122
-0.178956705029582
0.229106767254014
0.199287050471209
0.157394198409724
0.264590632400585
0.322351974090248
0.372226709398653
-0.342359567359007
-0.281443863760911
-0.217230924277480
-0.149521893728454
-0.169781975752153
-0.102118924757636
0.133456083101901
0.108712204258418
0.0621867046988310
0.180181004393179
0.248744326315186
0.299877161419526
-0.260689615775176
-0.194458561889347
-0.123502674239828
-0.0526181763571559
-0.0753797660573802
0.0161012631863024
-0.00925006986525532
0.0873432788137174
0.202232686986347
0.265008361013616
0.309450433895309
-0.169256174612608
-0.0981678762386967
-0.0282854933426151
0.0414304473137419
0.111881651206313
0.156560369906493
0.219911532876176
-0.0702103908065422
-0.00260189793532504
0.0663360942825629
-0.134746150410832
-0.0589008585830613
0.0121155836472493
0.0810122799752514
-0.135132886168882
-0.0807783915211786
-0.0208138554381244
0.0427287784141236
0.108652712424606
-0.122425401204497
-0.0674103175067508
-0.00217659067130750
0.0636051497521057
0.131626754333772
-0.108689162026484
-0.0513921740426438
0.0151729062878715
0.0858683718584243
-0.0371979589710429
0.0359557359133866