-0.241431729125119
-0.299620294777878
-0.356674402397312
-0.243726401243861
-0.301100804147055
-0.243380863578699
-0.303086141467315
-0.239901189794168
-0.303260797552070
-0.297041854363439
-0.182256962551985
-0.239396576978001
-0.240438357276993
-0.177837233839773
-0.183622055201873
-0.184879170698489
-0.182832859993585
-0.230123232099631
-0.173237854666383
-0.161335969429716
-0.226098556536018
-0.176156947172180
-0.126093423655268
-0.124124768093345
-0.181275896368983
-0.117125954433241
-0.116626728222300
-0.124709024314834
-0.127635487809620
-0.117698436606884
-0.106350020137877
-0.0852997611715769
-0.122908669208192
-0.0558015697322220
-0.0749479517548446
-0.0605452149434723
-0.0485886670119389
-0.0730584362830235
-0.0616209773668897
-0.0497396915970537
-0.0333388256140690
-0.0186357199834853
-0.0673672817151148
0.0209866747396053
-0.0141123440893010
-0.00620285174277393
0.00831636051234625
0.0286244680783965
-0.0117217153505624
0.00425200698078365
0.0194137693138550
0.0344128246426988
-0.00140896919409402
0.0501847915977571
0.0113357466415467
0.0910170864354758
0.0542386948587863
0.0605131477211286
0.0801881316853710
0.100114909176874
0.0549033586729088
0.0716176866506571
0.0868888686182620
0.102773759916980
0.0663263190524988
0.118056149065313
0.120038831150862
0.130728669558757
0.160664328862777
0.148530655800353
0.166234888345754
0.121013261132549
0.138027469796670
0.154995721999878
0.170171481066551
0.185914665478474
0.202409416719094
0.224442166266320
0.209167620984626
0.229526752795598
0.185730543312271
0.206076571609013
0.221236408510132
0.237947366080128
0.304258335108447
0.274449538750413
0.266102819406881
0.267826372642722
0.254348624785736
0.302448850762406
0.270131394014794
0.313582489218860
0.288631650830470
0.354793248641794
-0.409622997184154
-0.465445773127171
-0.461210589643127
-0.406766387830512
-0.457406732155251
-0.413547208618566
-0.481985552115057
-0.424826495263076
-0.477871356143233
-0.419355486913107
-0.470315328455770
-0.414636463505009
-0.466033158040238
-0.408458859027499
-0.355044333687993
-0.409391731661334
-0.415856071265845
-0.356143671406637
-0.353788224546040
-0.360321764007130
-0.364536478904136
-0.359998907271664
-0.354135752447874
-0.394938575552633
-0.349521441422670
-0.334126103641296
-0.376315489452458
-0.313809564571822
-0.298949579241453
-0.300031620155249
-0.355801441512647
-0.296840326172045
-0.297938465557412
-0.290927350633787
-0.290595752324558
-0.235804517127897
-0.271797987651113
-0.180981306081740
-0.180544840250381
-0.240320910273523
-0.241425847687415
-0.238265359407964
-0.197196825455180
-0.243102634858751
-0.173264855857803
-0.221295926270337
-0.108851318481736
-0.126796504044298
-0.177580929664099
-0.128822562254627
-0.108658803539579
-0.154600035498056
-0.0339376868254193
-0.0661110139504361
-0.0568257064336744
-0.0588889082234041
-0.0400379656458870
-0.0888903401858391
-0.0208155385279074
-0.0694576077296488
0.0363205804054757
0.00140748791672762
0.0123070336116648
0.0296499129734719
0.0485068036356593
-0.00429800524579895
0.101335119048575
0.0713168574977251
0.0811911573097584
0.133718634551825
0.0814848071921059
0.0995715118941733
0.0606561080264376
0.167309216489211
0.142988918297071
0.148486472866614
0.185762526739780
0.200708350212527
0.148218763392267
0.118143066783459
0.163052552055578
0.216147868302866
0.222610731673160
0.276846138036547
0.244881379117665
0.253176777525886
0.266627611034068
0.213927389298483
0.229553184262251
0.294791626111205
0.339798494440687
0.289911170877829
0.339910068447393
0.331431973050224
0.324969576198758
0.338203681286701
0.354537904511032
0.364016483038305
0.316546887811165
0.282032686634951
0.332138408323785
0.357074099586274
0.347133386872206
0.392550963958601
0.402330592324531
0.388192721646238
0.373271527681585
0.414752336519659
0.381449679039278
0.405881072874975
0.408870331411403
0.380074864205762
0.426386199610811
0.451575448528347
0.443071067049290
0.439920471592527
0.492431194677949
0.470232252333916
0.440730093677093
0.453549236954251
0.475557588156813
0.472398791278742
0.506933382553581
0.528607715031732
0.502609582302212
-0.589361205017080
-0.599760154495534
-0.642207093220972
-0.576935380268330
-0.633985908409274
-0.620649076726973
-0.518573422666986
-0.537062680749704
-0.572722687032138
-0.514087576715372
-0.567099729099465
-0.507729481650698
-0.559456973640867
-0.543293964882060
-0.531104318404225
-0.577911719184619
-0.527983925247781
-0.517071607828439
-0.554709053943134
-0.509908505108267
-0.574239767480757
-0.537640367157605
-0.454476400575957
-0.464737726392006
-0.505652035447348
-0.475232160237509
-0.453630975646560
-0.489563813255197
-0.435044504674904
-0.420895464520227
-0.480870694884963
-0.463927951444115
-0.355814929063948
-0.357402212171383
-0.415079445593766
-0.407311411531449
-0.357753886907508
-0.400473518993492
-0.234746219631607
-0.282044526511669
-0.291189058227796
-0.297999206300994
-0.289845715720141
-0.334396624622383
-0.267183237524777
-0.308490181874087
-0.167343998814028
-0.223569558806954
-0.200371493092331
-0.241848418555342
-0.174929065127166
-0.212946883494189
-0.114056908402748
-0.150793120466342
-0.134460801714364
-0.108395167482792
-0.145358902612220
-0.0317651967416425
-0.0823823155915663
-0.0969808361300963
-0.0493892233742518
-0.0420930356497873
-0.0774921269486738
0.0397419869668614
-0.00621818082139043
0.0151744304116060
0.0252779460336973
-0.00891944191868400
0.0684096551900774
0.0771409406052581
0.117041078932794
0.0972179150662900
0.0629941091659016
0.131606539568169
0.177558742612624
0.182198363158182
0.158005316135940
0.131626735656782
0.198550867138142
0.233543413314807
0.266348434013609
0.245201511536288
0.197520463599578
0.223399261105007
0.248049921947866
0.326711821671989
0.311184461725513
0.346483121211371
0.296982979410248
0.294600118349726
0.390831367262445
0.373029741569971
0.408008492873804
0.412408269920451
0.442591826460938
0.395024517743202
0.349420953412229
0.402325813517406
0.436925199439508
0.455344971148530
0.465161312475829
0.467045840197653
0.506913679986604
0.502649629252352
0.512598932741339
0.533849906969933
0.489624690983194
0.452931380103277
0.501064031443390
0.523204555864832
0.556270864130193
0.554791410344691
0.551849690279251
0.564507434562298
0.580297847827149
0.560809318173334
0.536459962580694
0.591181033343277
0.572092435333193
0.547871973478948
0.604652709458292
0.605803830233855
0.611032817305064
0.622271944536811
0.616502493612115
0.596927128483113
-0.654380908372658
-0.704566942251672
-0.743486549241874
-0.694425448186404
-0.730779040042383
-0.680270420986270
-0.714476295439940
-0.674274333527804
-0.728089047080901
-0.692182644936177
-0.605931156162651
-0.657750047746609
-0.659786009603958
-0.619487775857397
-0.663793740792876
-0.612880769640119
-0.641295756340458
-0.659255351055716
-0.608584208606761
-0.622793455459216
-0.670852212143734
-0.585691362039797
-0.631566349870956
-0.646753079305540
-0.523297886929383
-0.542006330271343
-0.578635691319381
-0.561892168797342
-0.611844212463794
-0.537686929918722
-0.587786754463340
-0.525447893782123
-0.559723716800796
-0.416876527568836
-0.441330938820425
-0.480643778613929
-0.477455821247378
-0.438372718598675
-0.500098899869187
-0.471902395977729
-0.344243761890177
-0.384968403638150
-0.374453079894886
-0.410461876164264
-0.345873752040874
-0.379980808283763
-0.265095628415451
-0.275978771320252
-0.328428615947293
-0.280037407097632
-0.315382700317771
-0.210724163127739
-0.207868373719223
-0.181315012206223
-0.248921012387904
-0.215929693945707
-0.103142640827183
-0.107569726794452
-0.156376050379237
-0.149819166932357
-0.112652086023536
-0.147268971436368
-0.0373218713950356
-0.0585587879111782
-0.0433464227745970
-0.0778620665750233
0.0309282939146637
0.00604380587414600
0.0278615771066654
-0.00715794893272125
0.0942600166944096
0.0692231864063193
0.134114190349752
0.0979902450148942
0.0630899012680590
0.160576952382043
0.183968814399568
0.208964400564441
0.166910239561385
0.132489745685039
0.258670849630053
0.270809585873374
0.270359082498827
0.237263846725669
0.202146409218594
0.295821489046101
0.323266871663523
0.353500312083137
0.341615413258356
0.271020608260355
0.307888780189172
0.373714162518406
0.416658932740477
0.391068441189211
0.402582849705388
0.402473254599148
0.371720899502495
0.455059067639189
0.498685935050097
0.478903305073743
0.513777479505536
0.507221152070752
0.457646554543045
0.461344053444880
0.538413854927891
0.569021452256297
0.555801320170092
0.588785045783866
0.598953667851550
0.554027838461446
0.604041302772228
0.558566586649494
0.511143053694787
0.610843369826335
0.628322861982036
0.653140632396123
0.642752766625769
0.658164696983981
0.664432541310564
0.661340716634388
0.649567495439710
0.630716120192241
0.638417682140891
0.647037735177810
0.683204179219152
0.692765073654368
0.701547453190729
0.706831674181875
0.705167428946440
0.697698801508844
0.686195287750101
0.675098357056515
-0.775434555477473
-0.786804934379906
-0.815611898250627
-0.759761309299412
-0.802040437696216
-0.775077403724335
-0.705414231532784
-0.687704155229107
-0.731324974589020
-0.707494707393956
-0.750994810383616
-0.748591536618135
-0.743562029580301
-0.756375806983804
-0.707720303358380
-0.719017989040735
-0.727984540956448
-0.681407062118775
-0.756180708892139
-0.701973066319023
-0.607869993245720
-0.586091882990038
-0.643288842268032
-0.638844260787130
-0.668504719445061
-0.615338767593346
-0.670197434227818
-0.642519398984614
-0.532954515532058
-0.513491660130046
-0.556173027516974
-0.531663628389657
-0.586540536884130
-0.558545714842446
-0.451458815579503
-0.463577902908638
-0.496406456200708
-0.443257651899258
-0.501794121323818
-0.476275666400271
-0.391135694676830
-0.401499667078700
-0.348537688250968
-0.412253397123019
-0.377908653466714
-0.286594164268667
-0.299009771684575
-0.338252572232046
-0.282693100507595
-0.313287273400159
-0.218827407519941
-0.232236635904781
-0.180404119607773
-0.247958565337541
-0.210143200980633
-0.163333607109899
-0.111841467112059
-0.144307010319609
-0.0341207900464923
-0.0179652210555024
-0.0840139171312613
-0.0418587556843176
-0.0758232770369226
0.0299216701670347
0.0527337270481437
0.0280598089858956
-0.00661642648003525
0.0983480973968921
0.137899366254815
0.0969102590114074
0.0610075223247376
0.214196094055736
0.168988298678644
0.165724032274252
0.128896790348162
0.283112602428262
0.235475697326640
0.233177298160099
0.195834994523413
0.330258341566132
0.304628431504835
0.337126644437189
0.299753006208416
0.260905977291588
0.353538434176685
0.432582953020633
0.398906056784177
0.443473903536702
0.404705739700295
0.366839341428523
0.457662927896376
0.516389238861886
0.491578961163608
0.506496479300274
0.430472279768677
0.468825262015933
0.551835692521332
0.594909309977206
0.575513661955587
0.609586578746503
0.559785024911678
0.564080153987656
0.522272408775303
0.631609619886531
0.665359483924764
0.648594991181836
0.680906078820218
0.700041306962278
0.655171767485614
0.614736137775086
0.662000931715222
0.698965311076171
0.714903935975448
0.739954217112731
0.730087272888131
0.747356492138675
0.747357441313552
0.743184786121788
0.736454797911517
0.726507743823398
0.715801065833928
0.781352779013668
0.735615231358785
0.704102521756556
0.775853872110406
0.784698210361215
0.786244965855977
0.784230743892660
0.781292333744085
0.771618731031810
0.760275589742081
-0.769107210439968
-0.803896053712545
-0.834621234016559
-0.798514896153017
-0.829388344218750
-0.789400285783505
-0.827182308497377
-0.851962312597249
-0.841565627764760
-0.817111354696142
-0.789101327303082
-0.798615821100363
-0.828931157488302
-0.764932964365310
-0.833454709058992
-0.798803232290006
-0.701836905034343
-0.720439426452972
-0.754082940267532
-0.719911788404938
-0.763683790016526
-0.760482692315180
-0.742456230292485
-0.721023036354304
-0.693637804676943
-0.611120593240449
-0.639286771949258
-0.669827002775501
-0.608853700535794
-0.654256812615156
-0.598894808352965
-0.522801759046642
-0.566427974249544
-0.573895292058228
-0.533986431885503
-0.558691307068283
-0.502592268457553
-0.412151335375326
-0.422871366637758
-0.472809936524968
-0.439690350826541
-0.499091784740968
-0.458812693000331
-0.349236399152222
-0.358917278371554
-0.339423450515726
-0.402059465288728
-0.366230702797677
-0.249714539222608
-0.255955272627398
-0.311044352679653
-0.276878943378858
-0.304641552419169
-0.187798434038085
-0.195155460272174
-0.237342956926027
-0.127993560918753
-0.131732949969095
-0.108572606919180
-0.172561043421432
-0.131675497998164
-0.0667703657640381
-0.0406235424959500
-0.0730778975949205
0.00795856163254880
0.0248025625714030
-0.0126103149934212
0.120470498916833
0.0722644695123669
0.0917439956600349
0.0529525968535403
0.186774374576636
0.140248514748144
0.158581115568745
0.120732505499192
0.254565884554518
0.203469502634760
0.287379934618910
0.223996072748611
0.271585647608824
0.321507692038259
0.327663758148778
0.352961173089339
0.371668239168350
0.422748135356250
0.450635724912532
0.392375041209847
0.423463499047144
0.521299194036444
0.486009434548485
0.487623099224131
0.505554492716297
0.553147936735425
0.610599494967798
0.584459654250996
0.618956964391185
0.574253484052643
0.540293141499329
0.641303143844762
0.683645095349410
0.664569851434815
0.667236682401711
0.672030602284713
0.625770005081403
0.714220154720106
0.744938908235993
0.731337265779725
0.761581745746983
0.752374429519212
0.708140218384304
0.742599752140070
0.718630097490633
0.776032092359712
0.789058973769249
0.802809899723600
0.820889333440919
0.821332990783053
0.820477642605622
0.821845368155901
0.812189643001921
0.801035556886701
0.801681955106764
0.823656030380229
0.783303054903925
0.856862506002217
0.850880379753981
0.859683242910717
0.848448242462102
0.839535239507625
-0.860934276274958
-0.870097887560967
-0.890527319353671
-0.865148751393779
-0.899227898112930
-0.881538029469524
-0.907468393399319
-0.877473884612191
-0.908025730527985
-0.853947810978021
-0.884152667766188
-0.862474005776368
-0.891810962200721
-0.866495527831524
-0.800286423494663
-0.799734515118187
-0.839384608318609
-0.839267786752610
-0.835234858102569
-0.830032624668076
-0.796700836015473
-0.791919703026501
-0.826002969857295
-0.783383614673819
-0.693469821377833
-0.708411178626979
-0.742209080549810
-0.761514431944945
-0.700804609774322
-0.742535870955361
-0.696574461807871
-0.610426968502318
-0.617026455089246
-0.660827340621065
-0.605932049300719
-0.651074847313592
-0.650360013838695
-0.519976632243295
-0.518584010810380
-0.569634360119090
-0.549087541466050
-0.597280879032009
-0.545155203360769
-0.470019097757939
-0.435316227595261
-0.485401194419161
-0.432146927214091
-0.371910616205153
-0.346046222119047
-0.416044103791424
-0.385800073051700
-0.287183210113667
-0.257678312577309
-0.324228569259020
-0.270320707083824
-0.152463680457270
-0.172064280699602
-0.219673174303533
-0.194250550319235
-0.206909148091429
-0.0902265982699397
-0.101747265683190
-0.140191091023975
-0.0319649652409004
-0.0389824029918478
-0.0687442492269164
0.0268728968401001
0.00985619335831306
0.00584886568394882
0.0996075853600227
0.0711884932745851
0.0795949309494090
0.160016194840373
0.136386841588062
0.188032419962977
0.203381900029748
0.221504975792134
0.252488919279640
0.227312043694335
0.324047737746819
0.270961751929101
0.312131368769157
0.300001185339476
0.374810454180070
0.376544189842075
0.411057074814014
0.424488331138155
0.365814141441645
0.428997093238136
0.470964086175267
0.479088726967096
0.558529763290301
0.467907652458169
0.529722797617168
0.609893231521412
0.523697285152899
0.592980311984554
0.577896209938313
0.577698658470586
0.694561680283578
0.661912565242820
0.649670863476301
0.667796783859320
0.613976226997674
0.710194225746609
0.757692997017978
0.745564193312579
0.755301946201232
0.697646401174363
0.768902325805026
0.713123338907680
0.792158667856015
0.799638370901310
0.823926390707929
0.824692580374210
0.842358162835132
0.842385171312737
0.826043013402693
0.841541803340919
0.799200003420809
0.858122406858749
0.880042007699732
0.862211675124352
0.882672796389042
0.881322113434042
0.874241876596527
0.862629090782562
0.879399029898540
0.862840039512493
-0.873944583415044
-0.869636661784033
-0.898998425741113
-0.902067223268383
-0.918341299202181
-0.926696578265663
-0.932740852366766
-0.909490074506827
-0.921761764176351
-0.897977499887268
-0.868794009451302
-0.860687416794082
-0.893081139946941
-0.862121779169002
-0.793337011047036
-0.779390990706343
-0.821778873428478
-0.833018417880609
-0.822526780810467
-0.781621425000226
-0.708999728771871
-0.749447691468409
-0.737939117685789
-0.774033588347276
-0.691922236067445
-0.730856620387441
-0.622833807230343
-0.666623342396846
-0.641013695869214
-0.680132859595732
-0.591216126740079
-0.526685453471917
-0.575968810748575
-0.532372857578377
-0.577796867455549
-0.521825420828556
-0.461555720429533
-0.423460564545296
-0.479459870621264
-0.476553037096420
-0.390337755693748
-0.366886069090705
-0.413485624966645
-0.352211783537539
-0.251864423169656
-0.296112140219766
-0.322636673286824
-0.310672521819948
-0.194704839876476
-0.243771018849694
-0.123421342031264
-0.104132238382937
-0.175897857884411
-0.141990813123904
-0.0538426104167151
-0.0339342107837859
-0.0703939398525865
0.0111996725599249
0.0394804608938943
0.00103470238959033
0.0742863407772080
0.112610970213326
0.0740744642990268
0.134433091891618
0.153607243623733
0.147361652347872
0.259112191615041
0.193804753034095
0.258768258627444
0.187030262179419
0.322238571142666
0.311475829797828
0.319971553851226
0.372886598552423
0.428901802547305
0.369240503280271
0.373225795253819
0.484881046002199
0.536681283622899
0.522141573814755
0.480446130221685
0.429428379879117
0.585414420768067
0.541079042757365
0.600007722957103
0.536708332804256
0.591362342780571
0.628515162942764
0.636646272367237
0.688983678819552
0.635888504405005
0.676824133007211
0.751716836168947
0.721222264959501
0.742799020761325
0.735853815883846
0.756006962291938
0.791018683337557
0.789937426995335
0.833711882377625
0.830362480325117
0.809420678476687
0.835254955379121
0.791877109881701
0.866145094528815
0.862417835351617
0.889748173101430
0.893600310222089
0.908547790325990
0.911793888346917
0.895847593264735
0.907328374466963
0.897106330760272
0.899888906733227
0.906922951052375
0.876120147275236
0.868224696515193
0.923797459484931
0.938014709978022
0.922463809712591
0.932016319479200
0.927539333727960
-0.943947712389036
-0.932872549324758
-0.954358323470892
-0.951310012491993
-0.966203863525426
-0.951979034188046
-0.967640927870181
-0.931564342185467
-0.966443639643265
-0.947265846989370
-0.860487445219524
-0.878802463194360
-0.895386625559305
-0.924597657429251
-0.923326209648108
-0.939955045785043
-0.919799637559906
-0.920034900164003
-0.891971254178334
-0.796426410357877
-0.784666284061495
-0.822441117559922
-0.841237996966326
-0.856636842155592
-0.848791705904920
-0.817437191774465
-0.807321396952128
-0.668885996462603
-0.711234092081880
-0.750786335584155
-0.762857919363165
-0.716919424203665
-0.625216211232896
-0.576853423867230
-0.670176525830795
-0.675408639503253
-0.634220194715794
-0.524246426586896
-0.505485887703591
-0.568768383678288
-0.617816913467522
-0.566953406742819
-0.462051628059753
-0.459121894554276
-0.504055244138871
-0.446402049744056
-0.362380216224382
-0.339254679964250
-0.402775706764701
-0.398352279686938
-0.275131848807104
-0.286429555224742
-0.331823120055768
-0.259967877092991
-0.235846760531012
-0.217239647520280
-0.180284071116822
-0.0952818172208403
-0.135119180116136
-0.163871580366367
-0.107459892112304
-0.0341869517266455
-0.0690996119485260
-0.0347355242455321
0.0275988676682666
-0.00326718719564494
0.0354145903484567
0.0744280691077397
0.0761702341255227
0.107399205464792
0.122878732244209
0.184031588523128
0.177719350057519
0.247075485619285
0.224779368490085
0.204208558216481
0.298188650139473
0.301870964104191
0.252502030053203
0.362342901876872
0.423299130883446
0.366268727695757
0.480783013278874
0.473285363446937
0.489287423044967
0.430599947608212
0.529365833421939
0.594708048910043
0.560057134795523
0.525445233728692
0.641837116359133
0.691795952510998
0.657382965594303
0.671784814618758
0.618574293156885
0.684305264538912
0.730229590551551
0.785499914837342
0.766005897039495
0.710474858041790
0.763188213952587
0.828317470057587
0.810597081162850
0.860872897537905
0.823343091672248
0.810744851046657
0.850921555230581
0.862706330951222
0.894488425589744
0.895300201515210
0.916760096076415
0.927922961637224
0.900958218004275
0.924672768828453
0.893977487365719
0.921914493001698
0.939452337910312
0.934364784351468
0.948924102941099
0.948380118942374
0.952092409001237
0.950044533441390
0.947179686751058
-0.948124582658746
-0.946164780810777
-0.965500462864629
-0.969030185886279
-0.981687830528429
-0.979473707983618
-0.980722526441096
-0.976866141708837
-0.960769540284647
-0.945006521261375
-0.965367048285639
-0.941777613088971
-0.859200716840262
-0.866611843033550
-0.890699062251354
-0.907752262202728
-0.921295362409301
-0.915828079431343
-0.905747685737318
-0.884916314862756
-0.874054466265556
-0.793147845797362
-0.831979549346078
-0.837164175269636
-0.816277391878363
-0.798976862129005
-0.770626229006000
-0.710312185099246
-0.749574509747283
-0.728803606002863
-0.740868498612454
-0.695463211093450
-0.624735246963125
-0.667097185946937
-0.648697368752196
-0.652767808930900
-0.601389260608888
-0.547454688622046
-0.611872799495372
-0.547839642085835
-0.445063424027735
-0.429352922033969
-0.488868334903191
-0.494727437994558
-0.437954811808290
-0.384281785445281
-0.384287541705824
-0.317748647290801
-0.315415662734683
-0.256882969165723
-0.206126948284939
-0.177083542201863
-0.248396334850018
-0.208783662835235
-0.110007501543639
-0.142066319383971
-0.0432214811548840
-0.0688100549741511
0.0312603400536365
0.00139540841843419
0.102044488778822
0.0689679459822628
0.159660922160778
0.167068737663421
0.139087489215575
0.230678030908141
0.225773261919950
0.258636166548912
0.289784827404051
0.352556766488694
0.312663858673687
0.316686522489310
0.414038706902399
0.404232367546620
0.423371431236571
0.370739775272078
0.463980232629772
0.518624365861124
0.477485141186651
0.480444507437212
0.569061292594939
0.568601619682163
0.586518032015971
0.532512367291352
0.615672385907044
0.649855753072348
0.662438120486439
0.632001692127442
0.580014383635411
0.700348974607848
0.740045295586970
0.746480947331033
0.747294870982824
0.714449990608305
0.784309178197836
0.777335823681813
0.821232220152511
0.847419518857415
0.791540698624196
0.831260483844081
0.880404507736738
0.888587162108670
0.919565159259662
0.923807380929915
0.882849767322209
0.915069752629852
0.866118104338231
0.944835682850598
0.957655056029524
0.955958615226493
0.961258318414897
0.967864288538119
0.968910738215493
0.965526267385864
0.947317371308999
0.942300473768873
-0.936093711381536
-0.944751235974559
-0.958261082331036
-0.975623489964810
-0.981647010947992
-0.992152253212476
-0.990240381088155
-0.989947884527264
-0.983400674956213
-0.974408178883629
-0.955824697562239
-0.870278248285566
-0.898985703803625
-0.920707864428784
-0.932911784912239
-0.918337887734283
-0.890840207607939
-0.798853408763796
-0.836529564996006
-0.854183368786861
-0.831037576629984
-0.786632561439114
-0.716594270502804
-0.681607835650756
-0.762175510632011
-0.755900591409969
-0.748249520738126
-0.701218085474956
-0.636701817647990
-0.657585299951335
-0.605929452455775
-0.531908518152244
-0.585098992562870
-0.551768583361117
-0.557692458742949
-0.464693556428265
-0.402597963964079
-0.475100756647854
-0.495625869655237
-0.362653337538851
-0.370126603306772
-0.422826542275192
-0.363006166262773
-0.293206219715505
-0.263791988665815
-0.339545329214314
-0.309492110523163
-0.219250356691260
-0.244091809107705
-0.150956398764327
-0.105776234042975
-0.184916092634237
-0.134815664797695
-0.0848543817749305
-0.0328586998935181
-0.0678575303322045
-0.0103487269027572
0.0399840994062544
0.00641446800710287
0.0608640381895616
0.106384345848371
0.0772147564439396
0.130548415644144
0.187757992703507
0.140639565150181
0.209104110791721
0.255174528211111
0.279843103260238
0.341815940479185
0.315166197505890
0.396246550183332
0.428202434499664
0.373582423152098
0.459211189794617
0.515438355442148
0.484453599025777
0.566403357708174
0.588924618391297
0.536250127295854
0.617746979075807
0.665607365924478
0.678036010033654
0.635961774569286
0.708187446494827
0.750485845871770
0.761885856353687
0.724917432837204
0.787119608855926
0.821955146076017
0.824176235793299
0.844295377886488
0.805169750487408
0.856576429254063
0.855781469847990
0.910845610016479
0.892128499425546
0.932603568688750
0.902128076751318
0.883726871911346
0.923555824621324
0.937566520384046
0.959334020321849
0.973361667846554
0.969095986260987
0.969495681165943
0.978557775411511
0.982377333552218
0.977089781409383
0.981479014954565
0.963466200088714
0.958211943197636
0.984511809451204
0.984557301998582
0.990875560785350
0.992191156401174
-0.949487863591381
-0.965527999220701
-0.981769850013720
-0.989059413941392
-0.996728702996556
-0.997109066831464
-0.994178341346580
-0.986627374146754
-0.974920309561750
-0.962812190709748
-0.875391300947728
-0.900491413137675
-0.926411589772817
-0.944132888570907
-0.929646469985096
-0.899788430418174
-0.869410781983962
-0.863742332761639
-0.804158132091970
-0.768474107264780
-0.808669299517930
-0.841515002513617
-0.826781365960868
-0.791099239923574
-0.685471255720517
-0.725975558190317
-0.748508087093432
-0.705688775972612
-0.588281153827499
-0.590373291503835
-0.638745312066770
-0.664175882812947
-0.612793311706346
-0.535169562531256
-0.569751100355017
-0.516908438665851
-0.435022769504805
-0.488445179113122
-0.466276243846536
-0.374356777607684
-0.411384064362146
-0.355084511436546
-0.248443504936006
-0.310729717030133
-0.301082960327969
-0.195395592372307
-0.242259030150074
-0.127332432266532
-0.186898477120587
-0.115409699873848
-0.0509140713412939
-0.0353065147006221
0.0193613480358140
0.0351397904550526
0.0892393837672825
0.0984420631989322
0.161098289447355
0.202609928336814
0.142629724855331
0.227395923073702
0.262167507641060
0.207695500382285
0.273752849925253
0.339204074001023
0.310863840844240
0.399602047978867
0.429982713616865
0.370601762479873
0.452865153876507
0.463565415067121
0.486349480674977
0.430097265614582
0.511207008812430
0.567779445690482
0.590549441609474
0.538712191669019
0.618365683450748
0.666251061831969
0.684191428263426
0.639114983869663
0.710246839234907
0.750936698114423
0.769773181705289
0.730071404728883
0.686771685918703
0.789323389451038
0.823391357835488
0.839981003816531
0.810176437475618
0.772124179214669
0.854865445827215
0.882458038975053
0.909826452869228
0.916693459101032
0.867624287971363
0.898022911846609
0.934228523987376
0.948294899994302
0.968201393803103
0.978744128151847
0.988591596061008
0.965254609299266
0.977288763572847
0.944154791965390
0.926009129015834
0.991591947721996
0.993940844855255
0.997924315687719
0.996804391493068
0.990040795490878
-0.956652533083744
-0.970964202936469
-0.981999890662916
-0.991807717049041
-0.997279420877754
-0.999790868870777
-0.998758909672658
-0.993452172294420
-0.983554370017128
-0.968095128920467
-0.955411520087793
-0.937476251839164
-0.877614924114936
-0.907189647906991
-0.931936056285273
-0.912831525321690
-0.885282527796112
-0.850851907894775
-0.771156616719568
-0.812847047206176
-0.845860570961877
-0.815885613658653
-0.784734306644001
-0.687655144399378
-0.729880176935453
-0.750141050427331
-0.710225298263975
-0.592423995313152
-0.640434493652133
-0.670391857421239
-0.621688722298078
-0.541397787351740
-0.574199143078158
-0.520049082613840
-0.431823756597588
-0.488779016539822
-0.465769134883257
-0.373673764881402
-0.411433942426349
-0.355788770032119
-0.250450567983169
-0.313890774139138
-0.297387454559390
-0.185421924067938
-0.235082188127324
-0.130085139160181
-0.176459029707896
-0.123071295821125
-0.0793251951051946
-0.0697455652518502
-0.0161312146182051
-0.00493169639873300
0.0516095303450548
0.0573342718588574
0.120229822153007
0.124987942800667
0.185127253662856
0.249945684445463
0.169431271056330
0.299922122588512
0.254357561769605
0.313649535675947
0.357156197027919
0.415359295496773
0.369317992921806
0.471415805934868
0.485362468192671
0.427664562174433
0.518019156300529
0.571951922096568
0.591767939366865
0.539231019311449
0.619459710584493
0.663156327840642
0.640366445002910
0.708870539515347
0.748299409863435
0.729996686528811
0.684563490406241
0.787796142017751
0.822083465923249
0.841162214900953
0.807285095874583
0.768469264991664
0.856072987755523
0.885625488004780
0.886161277866151
0.901642594662171
0.872291582273845
0.913185107905075
0.955039998778922
0.972182868730890
0.984118541988210
0.979503504103481
0.964870255938152
0.948946983678896
0.928328898086243
0.993926840192978
0.998418748093594
0.999911922318315
0.996690355228392
0.988788750981758
-0.946274000493472
-0.966857969218676
-0.977668535507500
-0.989942123451615
-0.993945102774549
-0.998784819378820
-0.995999403034965
-0.988226245385062
-0.975431738379766
-0.958001912407444
-0.949655401458569
-0.875565415369324
-0.906053844305265
-0.926065211019465
-0.934460577794228
-0.923689599419210
-0.896956846131053
-0.863693493591100
-0.776626149261733
-0.803933960533324
-0.843604502589706
-0.825220215492261
-0.785211595042574
-0.685611025530262
-0.731638763858829
-0.752449411370494
-0.751216490187749
-0.713535238225329
-0.639142285478538
-0.648969231302845
-0.671754941877776
-0.625921887106238
-0.543661705691785
-0.595725814755052
-0.576670294233008
-0.522853803635855
-0.430392710027255
-0.485398679355468
-0.472016914834905
-0.371122353658969
-0.409981309997066
-0.347236740252857
-0.253356415185606
-0.313233758101331
-0.293260371423551
-0.191688333292509
-0.238435395983585
-0.129682128811131
-0.178046713525892
-0.112059870259927
-0.0611234979064794
-0.0563084175407417
0.0126592198305933
0.00751755485686182
0.0834905754333534
0.0782381963518266
0.148969797548373
0.200937545140296
0.151492632411799
0.220163067009357
0.209330556096439
0.266520200537549
0.316487331219541
0.266617058126302
0.326770834268108
0.331374939420059
0.374835627534016
0.375555335238364
0.432816580324330
0.494595883107133
0.439731189832610
0.523088316933334
0.561269093048891
0.584318292465922
0.542436469753296
0.614428329608487
0.657841367239912
0.636042026926686
0.704941865799887
0.743574400876045
0.725653498362905
0.680096214134842
0.784911520592890
0.817234604426297
0.836231065680231
0.803909098513273
0.762474312223032
0.852782383459380
0.879877952644904
0.911028431314764
0.901601841804474
0.872149579701810
0.935988552093219
0.954962909117095
0.970690355454935
0.984918489836738
0.975545198165128
0.968213211938150
0.982259237675337
0.959433713173186
0.946743803646883
0.922108863576988
0.991393206437933
0.997639499388058
0.996832853830424
0.992111678711249
-0.947416482510382
-0.960932145541289
-0.969547643724732
-0.984131008263806
-0.986355334286088
-0.993408855350694
-0.988363414762886
-0.978205582462937
-0.963010106276714
-0.942444520105909
-0.866206973334004
-0.899547828219683
-0.922613119977726
-0.939646178389515
-0.917032016484075
-0.905470085212844
-0.875725182966135
-0.872630627110233
-0.809525904255108
-0.841841256356760
-0.840480363821154
-0.835174997448800
-0.791265309230601
-0.704262341092934
-0.724683965309688
-0.769747081066034
-0.752336686402925
-0.711800445563646
-0.619609777635328
-0.671473041182297
-0.662446363550942
-0.624119048885409
-0.536180757057058
-0.574673952176754
-0.573473929893633
-0.527459008019763
-0.427333180902113
-0.479516070658625
-0.489478097018344
-0.368614448834718
-0.427322539380891
-0.366563640136643
-0.310173045904965
-0.309085293441912
-0.295043760899074
-0.195720432174641
-0.247716491481882
-0.230873245737634
-0.143689227949134
-0.179916741629825
-0.173799882981060
-0.0793183554740834
-0.121103295727108
-0.0479290506024397
-0.0135364560222731
0.0281742556235926
0.0583420074464899
0.102833208186998
0.0580675960806212
0.128614563357309
0.130424332282053
0.173659239026333
0.201609396015436
0.242325780624936
0.269233615005214
0.319543409149394
0.286467937647079
0.379981226423443
0.398337737712551
0.353131118089348
0.418848537192682
0.496895587845584
0.441308601799249
0.498118492468423
0.465062112750532
0.551030698173642
0.582001771763888
0.528787988074040
0.606878848376605
0.649414803710174
0.632332619269776
0.621913796827006
0.672601695965283
0.698626268326318
0.734461458161402
0.718448752891864
0.710345811609991
0.752839195011361
0.778535422614551
0.808255339121046
0.823948395764390
0.795486349485784
0.845855088724210
0.871389055788181
0.902657218927034
0.891734406308711
0.878319304535705
0.909650733941284
0.861355687751126
0.932258904301404
0.949686509558407
0.965743142143553
0.980878776731599
0.969532010639889
0.982576355413568
0.981229497814625
0.966523505116251
0.975758528682103
0.951436606465170
0.945698409823985
0.936575843394710
0.990757773558222
0.988906993591684
-0.948644318117353
-0.958977914984931
-0.974610762763899
-0.974263687597232
-0.983475310735587
-0.975964276962674
-0.963445219754487
-0.945480280816599
-0.922373421172727
-0.892273426619423
-0.882160325142185
-0.911578629803313
-0.926545481475574
-0.923125398678425
-0.894701692173361
-0.888628333116215
-0.850957054494997
-0.784737182864628
-0.828677623165917
-0.857008711972704
-0.811910874985333
-0.772410189950122
-0.800456900420147
-0.704511413745243
-0.744002195335264
-0.746969272629461
-0.728050057780520
-0.700630596519293
-0.623053408655554
-0.664152370515644
-0.646762355243150
-0.609180359733028
-0.524070010647280
-0.571401206350401
-0.530887463114800
-0.542279260937917
-0.422931489321017
-0.467301241434903
-0.484754462521373
-0.439484222660051
-0.367003048586395
-0.413483357667592
-0.346170937719756
-0.383423764184107
-0.310471999337172
-0.319049736242659
-0.254563911285782
-0.187704250056448
-0.249794187537818
-0.208295969439022
-0.113081235914393
-0.133450094440060
-0.0439535931408294
-0.0592813970604272
-0.0777928333783650
0.0264585990114119
-0.0126373181630108
0.0112311940076338
0.0986996810752226
0.0830063080469723
0.169243076007981
0.197877140481430
0.239083405328305
0.202737271291607
0.276560722838961
0.265417275834123
0.342639193697959
0.309776584449249
0.385512659366974
0.442837730323726
0.376328617518014
0.445199614736716
0.499751251620660
0.482202210294573
0.598649666747471
0.549340181887511
0.582029956333810
0.568356079914274
0.533454875693574
0.635213560527463
0.661945985279907
0.610865499316426
0.686264080252452
0.718538523840091
0.743006007723373
0.695724815268414
0.768359957966584
0.835021917580362
0.792785163477190
0.861525089069713
0.806837810707797
0.781356425048045
0.892858107069239
0.921416609031805
0.909651983323313
0.935511670122351
0.890747604471655
0.856023784193784
0.845666478798949
0.952392214746192
0.949890717974770
0.965561425156629
0.976671800976755
0.964201548325118
0.980232377034864
0.964710915983420
0.958100088248799
0.944055629859228
0.926795791811112
0.920977629762045
-0.937098854990925
-0.945398315211065
-0.960634291723109
-0.956096853632252
-0.968526902746118
-0.949509173993549
-0.958965763629934
-0.943947718466192
-0.868336826199972
-0.897874115876344
-0.920137154764226
-0.909810220360737
-0.924002130320782
-0.937243303629985
-0.937402284289742
-0.919734587851830
-0.895792227925389
-0.896893953035931
-0.865236089469203
-0.861540067478099
-0.789961617756012
-0.817609251127571
-0.844288430400209
-0.829046153370606
-0.822853236354595
-0.782856672338735
-0.699468066215166
-0.747433184786841
-0.767698496097578
-0.740756803933811
-0.706340831889608
-0.680231000918614
-0.590391240478130
-0.642336209483012
-0.657410601974897
-0.587676265886294
-0.625234755628266
-0.515872021845224
-0.551133863408420
-0.574082664999124
-0.512179133734380
-0.468271848964999
-0.534515319765099
-0.465313529990522
-0.415436137746266
-0.348178874608779
-0.407709153995158
-0.364556128280684
-0.272800493313895
-0.304619654584731
-0.280686835564703
-0.208104676959312
-0.230342103416616
-0.239475725714360
-0.170216581884828
-0.145869269152390
-0.165882823140109
-0.103227880677297
-0.0759977720690851
-0.103099983332227
-0.0321377161747658
-0.00465815695603493
-0.0384013357982772
0.0376866311075139
0.0669717990106692
0.0368375372141777
0.100245543079258
0.109084562697451
0.134441955404663
0.165634411929051
0.153300610090061
0.234496689310773
0.221553867142068
0.301187342061147
0.330745612431951
0.286468032006383
0.352460343745470
0.406183281373897
0.365963013379744
0.429526224216577
0.395104423724386
0.466789571431219
0.506227175404054
0.454794832193559
0.505494704465116
0.530732610687849
0.560824456975285
0.554320990383514
0.672021405861236
0.615102063496382
0.656784979041845
0.645949352633607
0.590742076286887
0.750271355118591
0.705604224686352
0.750984272120257
0.725827460416660
0.678715215322921
0.785859380948691
0.821566760482864
0.819029414659032
0.789337408127167
0.827459000730370
0.772632738277028
0.844321026608411
0.878781478726863
0.929767939376824
0.902286393713142
0.924737822106360
0.898456096275425
0.867798454468072
0.898014898318251
0.865289083431021
0.942807197432408
0.956260691913803
0.941688543609719
0.947288138399931
0.945141319134303
0.934939820689994
0.919168439559810
-0.935627766562835
-0.863787260673234
-0.890554066865404
-0.878107322447115
-0.895194413233342
-0.909458849127126
-0.914195098034125
-0.910911975739648
-0.926123103187633
-0.910670334651954
-0.890604878807304
-0.864117597516193
-0.866349091471415
-0.803079435041238
-0.832501252766502
-0.826152669827701
-0.854147369684681
-0.831393211805888
-0.831737026261912
-0.794483378789685
-0.788329650149198
-0.716170375462234
-0.727522372977970
-0.764770371288146
-0.755121089237972
-0.690410906708853
-0.702951846824622
-0.663268100430334
-0.620337578929746
-0.675533247121192
-0.650909324905893
-0.643703652559840
-0.604452798185436
-0.508208127895819
-0.604737035621272
-0.554447094213943
-0.552762237508116
-0.431151480352968
-0.491299672854722
-0.501335875118677
-0.409470431469543
-0.458321077903709
-0.363113565266722
-0.384371962370275
-0.399815476337256
-0.341312220010974
-0.301635768231077
-0.320724971013972
-0.274996423377381
-0.186133182815085
-0.255886873400237
-0.234815712219640
-0.206768373525197
-0.119295344772170
-0.139452596625978
-0.170128541894662
-0.0583725012691217
-0.107111314019579
-0.0733131927088350
0.00271613059180259
0.00444894185355236
-0.00475808504661966
0.0640239200003302
0.0638510791512839
0.125986916956564
0.177240716013697
0.134079125459610
0.191828391447206
0.192245137696113
0.240418686210347
0.260524764473147
0.323777434520097
0.257561166315194
0.345243526661185
0.307401447415008
0.388176237881297
0.414777553590696
0.372446331004679
0.430413419714059
0.495687048699435
0.451446460605259
0.515253259589139
0.470355142763087
0.609601061866343
0.566943233478996
0.619548720274124
0.574854703542267
0.531722559974972
0.537762299120250
0.662998041559942
0.628075652994657
0.651828439968466
0.700844316509939
0.708769348993246
0.747361877498969
0.714139917486736
0.766257697733516
0.745573593743900
0.718195585707608
0.760108528158977
0.807856702474089
0.806341920630879
0.844700349811750
0.833359750359301
0.794377357793121
0.830081192867250
0.794288826187736
0.872220676564273
0.896289208997639
0.915299084343352
0.883903744034677
0.930727194713669
0.900260886077902
0.913944802267376
0.907409686989854
0.875421059238793
0.889380631365366
0.887976406651028
0.851559125966856
0.864112725720822
0.923109826936712
0.925858271940713
0.920149614938296
-0.861830777699181
-0.876452047284922
-0.884471048277719
-0.886171178025027
-0.881645219094914
-0.896733864428958
-0.857719536816284
-0.876910745500202
-0.858454176305919
-0.795435218893920
-0.785203311441407
-0.813751329210393
-0.840006168825777
-0.823812550911359
-0.840115018543365
-0.840867667386435
-0.823115928209145
-0.827831028774299
-0.791231674366785
-0.794743318127998
-0.685896188787270
-0.724236647750533
-0.756003045044957
-0.742403517353317
-0.750685430369075
-0.759099812164822
-0.723635813632387
-0.631133789943410
-0.590250373274338
-0.642169538495425
-0.677176712209419
-0.594232037313699
-0.600004907859552
-0.563804193909651
-0.529564821862284
-0.577228851877820
-0.544392722939065
-0.496930039013843
-0.448942709930151
-0.465031947950433
-0.517698338453440
-0.483987957983261
-0.445051780307465
-0.400665868142780
-0.418613848093889
-0.438603753226310
-0.347693119424346
-0.387868971570331
-0.275331174885781
-0.338762400395833
-0.293152910417515
-0.320906258303167
-0.208470331788115
-0.231085111282816
-0.258042390597851
-0.202107019952435
-0.135020915855627
-0.161722086601630
-0.141215508109226
-0.0631785563593602
-0.0928297449021489
-0.0749170093792564
-0.0420554632702839
0.00835385167402097
0.0244390767272357
-0.00605227707972871
0.0763983054611346
0.0910301180092996
0.0650770894919272
0.146873265473289
0.178925922992649
0.218970328620452
0.141758353072932
0.214150210486150
0.242317734404583
0.210300374248526
0.278895841027213
0.326524828951571
0.279186085099660
0.336059751942493
0.404773953634194
0.355170378746310
0.414743128701535
0.386750971838459
0.466209242961404
0.490294334351467
0.448904142215180
0.498579863358602
0.521270211686327
0.574939708555322
0.598271536518386
0.559603596714197
0.619394536085380
0.669353940828754
0.624320695069377
0.669986987568574
0.670639768738180
0.639619141418151
0.693358881161068
0.722547204880547
0.766820851972532
0.698573229968723
0.744263260732740
0.747481519169511
0.712321754264357
0.758688952179577
0.835028205928699
0.793513976811436
0.864675365148091
0.829978801878148
0.850728677155730
0.826867068763164
0.765207410757156
0.808312288719816
0.789892165456352
0.865152523598490
0.881033576736649
0.894845276328947
0.864384979485735
0.898301325475560
0.868792772423852
0.899129533782072
0.869195740048269
0.858536259171991
0.841375578416537
-0.849965565995570
-0.854694023663724
-0.854282690095176
-0.797402158272674
-0.782249911240825
-0.799082716950204
-0.811108653546516
-0.818280229308297
-0.821370975394809
-0.824663755731266
-0.819144570353428
-0.781527860218695
-0.795010354487104
-0.789717153890508
-0.712693438748290
-0.694349929809228
-0.768467416922547
-0.746861902085492
-0.755956585771952
-0.752979098146153
-0.702125146548824
-0.711123839562665
-0.712987432549627
-0.625891459432432
-0.608689243962941
-0.680009061950194
-0.659561132114582
-0.660333518768093
-0.630921911495990
-0.612663485598459
-0.543300743429804
-0.516609100378586
-0.576292133765709
-0.574683256024012
-0.533397697743292
-0.517806381957808
-0.467826904811687
-0.431015362023914
-0.487232707054416
-0.473726847670521
-0.421177509259034
-0.356410132418871
-0.399160233850455
-0.355766956466183
-0.376915352505072
-0.289719458273632
-0.299274589723538
-0.319777248491406
-0.259421474685241
-0.184751982741379
-0.235164581067104
-0.214680612326951
-0.189796050125150
-0.120300837119663
-0.115277221871760
-0.145293462780846
-0.0279344546698718
-0.0555437864276868
-0.0420156204553929
-0.0726946406467652
0.0489316005607651
0.0133498873732326
0.0307533234359344
0.000189558302251239
0.113104799723359
0.0835048067774885
0.104748922621602
0.0736452487828128
0.150339496056366
0.168911933414666
0.142453772781143
0.289195861217105
0.246792236192468
0.309307582349041
0.232945348517176
0.209980204008990
0.301316866008602
0.357633077806027
0.282759614527383
0.469980052484222
0.410903776339761
0.471243545354131
0.402977036262964
0.346506344737255
0.391403564207606
0.469432561528733
0.526130880421289
0.520161516888029
0.453919325969091
0.481374896803655
0.578565747934986
0.526037457597389
0.565635213703941
0.582142437361337
0.544650962084515
0.597571720284822
0.674090904861798
0.620978332521237
0.643103546257927
0.657326949261244
0.605714460137556
0.637683472419896
0.712990157133873
0.757847084977109
0.730116478974835
0.795636149253375
0.739719181527880
0.689565935596142
0.715122171544452
0.814901832153664
0.830416601218582
0.789142805001476
0.841795213424057
0.802270747302485
0.836656498442989
0.807492358983471
0.838039862170970
0.804394694558153
0.834060710102332
0.801179409014239
0.822929993044059
0.793990427355018
0.807759076750363
0.782651375256839
0.772084013221329
-0.753888288052699
-0.767408026697836
-0.777207189245498
-0.782662574269242
-0.786608844605787
-0.785815148692851
-0.722719241241319
-0.697043888167903
-0.713263150897016
-0.722321314535600
-0.732882451833552
-0.740307762880695
-0.744698747083891
-0.745577005524682
-0.743976326369444
-0.748515946332111
-0.710341597814006
-0.715237856848611
-0.661952089057112
-0.641671349270221
-0.671597146673062
-0.663476167278720
-0.669458279374665
-0.670744058335029
-0.623937380542448
-0.610626671487576
-0.551063269540489
-0.523537542658343
-0.584200969492344
-0.576229149605013
-0.560645115261690
-0.548399167837622
-0.458747290486913
-0.429907260103972
-0.490902183620985
-0.499256413822265
-0.415575602831700
-0.457122449320126
-0.339108934425933
-0.370339313315040
-0.399918800843604
-0.362144004976527
-0.401603000828594
-0.268575070934796
-0.305617642562185
-0.335875537722237
-0.284843699233367
-0.303434164646946
-0.161447340968048
-0.203105679447411
-0.237389286066432
-0.233378223625430
-0.248124742634657
-0.0929015252102246
-0.130668462674946
-0.166730138056122
-0.183993953268195
-0.0232822583015298
-0.0607123515913613
-0.120927192205199
-0.0988821130971763
0.0456745812514472
0.00930928736841760
-0.0281199446720748
0.114404654066577
0.0787287720271732
0.0435563804829135
0.180956054539684
0.147918955523700
0.181675165748868
0.112641848701495
0.151247297052938
0.216068983790119
0.253421161509026
0.221500604243120
0.354537737531267
0.283474274857751
0.317442081635070
0.319159962836408
0.289019702274494
0.414149334812599
0.423960340705878
0.358099722143220
0.390107374073413
0.507087885182305
0.439215422078917
0.471401448811456
0.504446617220688
0.449119592469172
0.487257402621065
0.592302404915751
0.535658087938903
0.558367681682808
0.548683664358526
0.517281968538060
0.574388744670357
0.664663100435047
0.612411756032380
0.682435982934840
0.632346161304839
0.649596413293617
0.665471023569662
0.606607557709156
0.636541286891718
0.772304982214061
0.699102762514528
0.744692598554257
0.712474568519532
0.758715835223423
0.722882694504294
0.767259255084897
0.751326212696367
0.707707852891457
0.714797467452567
0.743582251612932
0.700924442674491
0.731558161640704
0.685647797304250
0.770073408281980
0.766193575081599
0.759674660214123
-0.677076640380509
-0.686469248071334
-0.694953757172916
-0.700623817504615
-0.702489606711811
-0.702677784736773
-0.706151779810044
-0.615925665102614
-0.643510785187747
-0.625081001440986
-0.637957660678407
-0.647107323562472
-0.653567674872131
-0.657959291304359
-0.657786894109290
-0.661320775809547
-0.620783763314771
-0.624152972069861
-0.666352134196097
-0.624569504533871
-0.557120605773943
-0.527436524474098
-0.586472776821837
-0.610131820960738
-0.575370016733469
-0.576807349561126
-0.574066715395063
-0.522201522131667
-0.462909882980671
-0.436173073780334
-0.494242125761642
-0.525174522782289
-0.475525895705476
-0.494913324530701
-0.438657671917320
-0.338210798574219
-0.367063128381231
-0.398144123431144
-0.455316569410902
-0.395953061582224
-0.370774893121748
-0.272420153764770
-0.306647463626381
-0.331388555125401
-0.277501014259891
-0.305380854381770
-0.169315431460015
-0.203240177764777
-0.236256821743640
-0.208872800437815
-0.237808604830831
-0.0984527477180612
-0.135854063128008
-0.143719799777598
-0.167780817711356
-0.0280379569377637
-0.0643617519325539
-0.101691596677343
-0.0539270560160315
-0.0810760990206758
0.0418335660118653
0.00459415385427896
0.0153508172207897
-0.0133343241046629
0.111531875895934
0.0742317215138918
0.0826368835257569
0.0514673295394200
0.180849997695758
0.144237489243212
0.188136500187226
0.118792236636159
0.151789845426136
0.248723602636614
0.212899239313608
0.255952686550223
0.221439693239557
0.343001247139819
0.279962066059583
0.305909688118051
0.324613589303560
0.290430875426321
0.378085388089968
0.404824710914872
0.368843222548080
0.394227054574916
0.425325554457251
0.359331381366337
0.390918233434881
0.433746513368767
0.497856107496675
0.458062408322901
0.519922980376179
0.458521670976331
0.421757057397246
0.484230302306992
0.577942538728514
0.596752545460803
0.539212154270000
0.557385252685797
0.544072544993016
0.524168419047428
0.578755854333752
0.664495259437620
0.612865072439195
0.625767556918597
0.572356964316185
0.675588635940906
0.634693499759848
0.683206111487721
0.666711572241775
0.612356580620268
0.631867732518782
0.659807239298207
0.611011047466391
0.655952505058798
0.609701565843768
0.728667104852322
0.686427514671160
0.728814639266615
0.684196809305184
0.723826125416116
0.678639003000581
-0.582946031294199
-0.596618704449952
-0.603528102786363
-0.609823253346857
-0.612855929078146
-0.613140775748249
-0.570618669219528
-0.497873547223885
-0.553436150005171
-0.569650180853377
-0.538261577779335
-0.550307435988938
-0.557788922067391
-0.559737690123803
-0.566543625148170
-0.560689662290791
-0.512576322510603
-0.519253013132006
-0.525977390036820
-0.406344601934874
-0.461749411085489
-0.451882240304018
-0.507635937578302
-0.525266676302376
-0.462038883681855
-0.466530910445451
-0.429639336360892
-0.474963640016071
-0.330082122458642
-0.369075984483752
-0.351898703893076
-0.406841948535116
-0.407723353095352
-0.412748714440380
-0.372953166011065
-0.270297309159442
-0.263537374975764
-0.312233502492681
-0.353460021759174
-0.311099459435825
-0.262625615663768
-0.170917022590471
-0.205818646058369
-0.205416038823172
-0.288138369812983
-0.219388611235855
-0.191056719576850
-0.0995187123104477
-0.131520072686885
-0.156848977426496
-0.115893410428580
-0.147061040280211
-0.0306752150470189
-0.0638644600527308
-0.0396931781701778
-0.0727466389108390
-0.0429939811453491
0.0365703349266449
0.00294049097956123
0.0363424238531072
-0.000744196846316934
0.0167668052921011
0.106638372060702
0.0687417357651727
0.109926993107352
0.0721066450995662
0.0829774786918248
0.176078760416583
0.138445713451810
0.181371493290964
0.142779451034456
0.241978530435259
0.266771047151479
0.202411787137133
0.224109547255542
0.253556922488421
0.213036930556501
0.329930429816027
0.287910470403242
0.350097579084042
0.284767730399720
0.312856318038465
0.321755923407287
0.415780529128940
0.351780417679126
0.370418577427675
0.431966502312858
0.365020959139788
0.414542401243173
0.376350959107095
0.478720007005640
0.434545565216986
0.497091369886241
0.452105655860780
0.470412480862820
0.514088079469489
0.458452741892229
0.504488032750248
0.474725930102118
0.515119186335794
0.583247480957549
0.528615168621344
0.589616412256215
0.536681395124513
0.591803978879663
0.539926183282922
0.593035637351126
0.541210911027907
0.586079167445553
0.544153857667274
0.583374690719588
0.532519349250791
0.562152402663707
0.549012398778134
0.562143067202612
0.639576611918018
0.640940164962340
0.636726205182900
-0.483549002488790
-0.508256514860905
-0.500946487796340
-0.512516580989272
-0.509338201106225
-0.454874289809296
-0.432290962430637
-0.484500102052431
-0.455120969198921
-0.459972900744729
-0.453233089607056
-0.457925706915654
-0.405836355518735
-0.413519593706969
-0.348569202211104
-0.398541379320094
-0.390881677092502
-0.371464503213003
-0.420239285057451
-0.393516751013107
-0.432652970449116
-0.401602810933907
-0.396681812631289
-0.335804369787969
-0.362663533420253
-0.355052501253280
-0.339011791466576
-0.255000657833536
-0.298066748782235
-0.285230427243361
-0.335407040178589
-0.325379618776310
-0.306220514617856
-0.243946364772406
-0.292095288101362
-0.272725802061920
-0.190841733544092
-0.236623227307778
-0.218619340528161
-0.227425635852571
-0.205171108363909
-0.245697911161883
-0.176946269194437
-0.0910850610443239
-0.132867603547504
-0.125593203947248
-0.173007850208850
-0.136426622470891
-0.161639602957333
-0.105022247791074
-0.0267529112905179
-0.0598005254625764
-0.0672266549787343
-0.0949793161090599
-0.0650760834829278
-0.0337365734132223
0.0404483565574986
0.0164842705100621
-0.00574124542637192
0.0368416369050770
0.00421689355911669
0.101009512609507
0.0959245652898628
0.0605193794098736
0.105467322463706
0.0702231519775681
0.159465907898484
0.171088578461042
0.129610565449349
0.199106661543094
0.136689287043437
0.169712728535395
0.174131988333801
0.239530517812940
0.260832355306743
0.194473647690885
0.213328259061767
0.262488259975214
0.237398115732842
0.241157706845417
0.306180873910314
0.326026745479564
0.344020239780301
0.279547743370243
0.296768758129958
0.352747951196559
0.283402361267648
0.330375913034351
0.307276880932278
0.388326612406308
0.403780537531902
0.422054036578871
0.362081279516273
0.422980453376959
0.367420191040680
0.428741082479403
0.424340212112021
0.355332997996427
0.401065372858919
0.446026998976455
0.378051640000759
0.399378783542132
0.480884220862975
0.483987602802723
0.487916161323935
0.432681741421905
0.488136493546793
0.430978068226938
0.498863455151774
0.443841093886830
0.467836435059750
0.492848056949945
-0.352849998046033
-0.329526888248810
-0.373291173444014
-0.343544022902207
-0.341790824368717
-0.267746204012207
-0.260143146085904
-0.306425793191658
-0.286341148394430
-0.302361079513986
-0.283019794576067
-0.278749631151258
-0.265811444689815
-0.195784285601641
-0.203423062605617
-0.243601149466917
-0.258042078011679
-0.235931736017056
-0.221007748770059
-0.211019417079320
-0.196826359996655
-0.179996627260582
-0.107997307343333
-0.151029875980040
-0.116978954546795
-0.144992316467692
-0.173235595728033
-0.213099054235168
-0.187727286043393
-0.170083219148817
-0.154669917784414
-0.141991341798305
-0.128233700666077
-0.115512575703446
-0.0358735755309935
-0.0729602280317592
-0.0374016741264653
-0.0754453724168324
-0.0857390305264475
-0.0718062946407984
-0.0588811449463541
-0.0506024499257265
-0.0234880525906130
0.0305276225424645
0.00635181878490393
0.0391881704366768
-0.00235565035369285
-0.000690710381674578
-0.0150402316124124
0.00918726869897133
0.0379742133537339
0.0906204225112087
0.0827967081922533
0.108031404523540
0.0651929822281662
0.121825542962167
0.0537086592741074
0.106562666943267
0.0669586051061142
0.0763258232481876
0.108365542180056
0.147999882091408
0.156742978020910
0.178073948594590
0.195364813170653
0.129649601608726
0.146706522978423
0.221304757469132
0.156599398539928
0.207056378101121
0.171399619857823
0.187404510034319
0.138161166751820
0.228348653071005
0.245587281643617
0.254714194549556
0.257467853048150
0.199553456338487
0.258498990274384
0.194836535195267
0.270819640916064
0.237668705190434
0.258887892686117
0.209851096990933
0.308498390151273
0.313688424866764
0.315719026478050
0.319903835681833
0.334363950639198
0.286739040348625
0.307449929987437
0.372473175829318
0.373417787550685
0.379774594840853
-0.112761420232995
-0.139788922915556
-0.120425287554371
-0.101851521102702
-0.0408985477780311
-0.0792294219522605
-0.0661616139559362
-0.0477075031613122
-0.0304647121241166
0.0255066092497050
-0.0107335989286167
0.00619763593324316
0.0237216769771757
0.0389088955899024
0.0883217706329501
0.0582844587834500
0.0770028709383841
0.0916265355183046
0.128968751164467
0.142449779615803