-0.963033457593619
-0.942277413887814
-0.927890639935820
-0.968601888172024
-0.950307129157296
-0.969700798050454
-0.952918515912693
-0.966612510040350
-0.951105625877181
-0.946488055019919
-0.957340486742887
-0.936111583130216
-0.952367054694067
-0.971507843159490
-0.978976898662689
-0.982592388623088
-0.981623290692987
-0.960579662951622
-0.976992874681675
-0.967598570085836
-0.949472040392065
-0.947243746057248
-0.957177837186002
-0.934074183351748
-0.937987883018310
-0.973742043744504
-0.985474201136095
-0.990361044754637
-0.991733458151104
-0.989727293918544
-0.983310816332594
-0.974287354384134
-0.958893788864869
-0.970412695803077
-0.952307820530054
-0.985405306392326
-0.994762754302875
-0.996897853662437
-0.997440752552904
-0.993632186172829
-0.985891873174482
-0.972867046180949
-0.957231833178972
-0.968489380013340
-0.953528113471453
-0.981090651792600
-0.991290288648604
-0.996997964304561
-0.999709082757630
-0.998863261920313
-0.993293767288266
-0.982873900409529
-0.955314950267274
-0.967859818956536
-0.934001669412467
-0.965841476520824
-0.950510614633223
-0.980813487859005
-0.989029288245424
-0.993161362925738
-0.998477933381240
-0.995461596365860
-0.987656126572116
-0.975167862599809
-0.947964933801569
-0.957967652284167
-0.946257320913968
-0.974882394101329
-0.957706687382676
-0.981949221504300
-0.985031937572551
-0.992608502757109
-0.987297457044524
-0.977207153349876
-0.962438913460209
-0.943114643376440
-0.963773860841584
-0.944169270530197
-0.972681032855554
-0.972999614117325
-0.982239188346121
-0.974069099859742
-0.961637368860098
-0.944263831796439
-0.920831879249991
-0.940752295758611
-0.954067627568237
-0.960809810924049
-0.966274369503800
-0.953070166349060
-0.956151502586069
-0.947377013729995
-0.940611736658480
-0.934758910698314
-0.887401454680029
-0.852775765892879
-0.871065367764292
-0.902492480788858
-0.883570791038196
-0.908021035932268
-0.875289274108083
-0.905269247690773
-0.877767445402783
-0.905398386107863
-0.876231608458399
-0.899583347815119
-0.866494948367865
-0.889262797270712
-0.880007159537699
-0.846507735484768
-0.865678503916751
-0.900102099597218
-0.917504596372211
-0.932045310379564
-0.930764595839350
-0.927869451278904
-0.920551279098360
-0.876293876566884
-0.908019070346563
-0.893419256923427
-0.859837836500037
-0.875472816337470
-0.886206580446470
-0.857101301099025
-0.852798590025823
-0.910429985840138
-0.928824432970720
-0.937502160137163
-0.922561327542328
-0.930573100971983
-0.905824545105658
-0.887843603940719
-0.854444629341885
-0.858687988531862
-0.888571806610411
-0.914703094318886
-0.922301650443211
-0.891975654536384
-0.905549459964998
-0.871284456047211
-0.909801163988833
-0.880952062931634
-0.914045838659180
-0.936455322334062
-0.914153155446156
-0.881782260202462
-0.908886594054895
-0.883061678649596
-0.931848363616956
-0.937479806586242
-0.913867430000932
-0.887617618949239
-0.886121700927686
-0.856915063493886
-0.905451499895926
-0.879751226558543
-0.931712546500746
-0.908513200193425
-0.879294721070729
-0.854318556267202
-0.901276304818530
-0.872929721429460
-0.927865354317590
-0.936175265153602
-0.923724104465286
-0.893847342309358
-0.848015287041238
-0.896869527745079
-0.872546709771545
-0.921737393164616
-0.934529164294231
-0.919456951464474
-0.909990867378081
-0.857206938776431
-0.878710288355700
-0.873017219677572
-0.903025879576043
-0.871536625017434
-0.919562359874830
-0.922388385969860
-0.895695980998524
-0.891733506177413
-0.860645761780398
-0.892781337676433
-0.853548808896758
-0.919495291123988
-0.914964334967381
-0.931219557718885
-0.941828678328478
-0.932074536837590
-0.914651205537919
-0.892633194702825
-0.895956565295433
-0.864672931563229
-0.865767059160984
-0.870230679260648
-0.894005893123877
-0.902571951293034
-0.882440961661220
-0.915278109188564
-0.926717290172721
-0.909862345894116
-0.920975576326702
-0.902541194074868
-0.885474329338390
-0.864077813675960
-0.858269717910306
-0.869112032426061
-0.886593450930005
-0.896202638910901
-0.864612103614423
-0.882487388498743
-0.894333332727506
-0.871906399952904
-0.869946549525956
-0.846792119843350
-0.860805231314849
-0.848707890371776
-0.861405111573891
-0.807500781243907
-0.794827579580423
-0.764496077064361
-0.815691298601702
-0.773229060064017
-0.780522324256778
-0.817456138520793
-0.784258208901140
-0.776919132514325
-0.837803984798002
-0.798961876111775
-0.854039241376208
-0.817914591200789
-0.837149173403778
-0.847301138737897
-0.807624916656967
-0.845789305857057
-0.843677260490592
-0.812064555262756
-0.830518636962907
-0.783798373185660
-0.795326995600716
-0.812522716447658
-0.776911047237336
-0.781043325023786
-0.825475399241827
-0.855309690264609
-0.819053776220667
-0.840910966941961
-0.820194146394271
-0.797617699195923
-0.776010761661093
-0.819880495881241
-0.784077792804164
-0.778271056262583
-0.815902395685924
-0.839245471782560
-0.798167501142952
-0.825178064374268
-0.756089360935479
-0.791998510304534
-0.824824530052738
-0.856891946950858
-0.817389057521427
-0.833231858475745
-0.791673871063693
-0.820871351054020
-0.790789557422382
-0.845237914022018
-0.805294360450639
-0.815310699106470
-0.773760548893893
-0.849915131511677
-0.785367500670504
-0.853522073287500
-0.821149309311162
-0.781610124012821
-0.812807511143979
-0.773475926261037
-0.814937798643087
-0.850239163726688
-0.821943952111861
-0.785045370689167
-0.807700888869145
-0.776378529572390
-0.846405548077167
-0.818015687056928
-0.784037008410835
-0.770492760765477
-0.836140737766244
-0.799891540728128
-0.818008757349429
-0.783018799832735
-0.842226400242581
-0.811473277207166
-0.843443156824161
-0.815332419857412
-0.778893902581873
-0.844760900494163
-0.780849992900154
-0.841891309402717
-0.826249978625378
-0.770814065860980
-0.799923342158066
-0.812237869504544
-0.829711598534693
-0.799996456645552
-0.831014530788404
-0.829403531515588
-0.790728363484635
-0.813649911759023
-0.786948206771174
-0.834682996012056
-0.858444447107486
-0.826730913770402
-0.831166017592482
-0.792144809446289
-0.795015519876929
-0.771590265557636
-0.795291101542730
-0.843030243263381
-0.818595183847516
-0.831475729028077
-0.849373490512719
-0.836919313774716
-0.807593007576574
-0.817645662532270
-0.791551563102677
-0.785218795433532
-0.798218531421233
-0.812636284258089
-0.796467591431170
-0.827084247901034
-0.824262667904981
-0.814177191088559
-0.824016405547680
-0.832876110189146
-0.766409200862376
-0.797161602924700
-0.776812987046574
-0.769426311883801
-0.783522446976785
-0.788094115603207
-0.782750361712000
-0.784457048427708
-0.790958610712883
-0.746527560045480
-0.694933851593397
-0.661311766865689
-0.715244593469076
-0.681642254542296
-0.732850315753428
-0.699196558173105
-0.735731447269941
-0.680623017487733
-0.710386824081374
-0.737463098831178
-0.683266176674710
-0.706547321267562
-0.751846028700273
-0.724396264118878
-0.773848781288422
-0.756851455164257
-0.727953126203614
-0.773407525959870
-0.742745195146763
-0.697969092390604
-0.750948556542457
-0.709536628786804
-0.669111759261061
-0.740091663443414
-0.694059470388432
-0.701776473843221
-0.745041973327266
-0.706545451386665
-0.769831660276226
-0.718092954216048
-0.749150585153919
-0.702903589756283
-0.740305897123826
-0.686950969963698
-0.701434711036855
-0.737409002038584
-0.753605652605203
-0.729355557674968
-0.705459292167263
-0.751758534669765
-0.715191087333118
-0.774147385788435
-0.727082608038728
-0.746566541812414
-0.697848479777484
-0.721591525685472
-0.678251244433627
-0.707836439535905
-0.761897665430980
-0.714794983592942
-0.755375507105794
-0.709015145473393
-0.738592375214013
-0.728703377018807
-0.691885649981278
-0.722831627289915
-0.662901245595399
-0.688174648203917
-0.743302948638433
-0.744452478545403
-0.700330779068694
-0.739044740027405
-0.694045365369318
-0.745921281159352
-0.704040710939877
-0.734890571262572
-0.693814537585180
-0.745641708580299
-0.704984861169907
-0.722200333402080
-0.682618188655335
-0.754637297620882
-0.742128339812590
-0.702569108834990
-0.709117426106481
-0.767915229367573
-0.722426959630612
-0.735749523548049
-0.697398352344411
-0.738340075044918
-0.690812439721845
-0.760685048031956
-0.729006089859549
-0.691996189422640
-0.765992998375249
-0.716983731440853
-0.754218606394936
-0.751121500597379
-0.684187282786144
-0.718807636871154
-0.676809899564621
-0.743702226470786
-0.712871169650280
-0.757659209353293
-0.721913932003487
-0.698777881265762
-0.696579206350049
-0.751277053979172
-0.725289597615638
-0.775720085076908
-0.748339554077786
-0.753092444449459
-0.711443117921900
-0.702130522409302
-0.749768068305339
-0.727381141579596
-0.759158286953728
-0.734676864018367
-0.743453389413620
-0.699160529204469
-0.704860215421109
-0.706171211424529
-0.698638076466148
-0.713754316724426
-0.737545512136190
-0.726807160156404
-0.745545192642968
-0.746395414196703
-0.749145550440316
-0.751543305640753
-0.752834129410467
-0.723650787190215
-0.687325307734213
-0.673977540143947
-0.691104726010759
-0.699303480081712
-0.703985542621964
-0.709033796431001
-0.712269683143446
-0.712420118899926
-0.706804722050807
-0.629975129253172
-0.607864434496237
-0.576804707116772
-0.649872882161288
-0.597005807471873
-0.626779835865716
-0.652492499132414
-0.634993121859462
-0.606084207573652
-0.674070159568047
-0.618254197311540
-0.642122018193608
-0.654229611257983
-0.624064006352367
-0.680942760763754
-0.650223269241302
-0.616634231215490
-0.664058288956925
-0.566463519366889
-0.616563508378647
-0.654131602975389
-0.633843634035885
-0.597533680230941
-0.662983223099356
-0.613723961741544
-0.666260416980271
-0.617679572500955
-0.609548765393283
-0.661806992888816
-0.594470797541868
-0.608403162259581
-0.680120326239737
-0.651957880316297
-0.625762639434147
-0.635200386828343
-0.582357289952362
-0.647406050210541
-0.675789756024606
-0.654022652344769
-0.619318891921782
-0.670343268601421
-0.619896769529193
-0.663931885307335
-0.645531082277316
-0.609754181229671
-0.628665496061889
-0.573326981884962
-0.656855932314715
-0.679924188435641
-0.627911444077334
-0.658327467518764
-0.606666070109544
-0.652566038139367
-0.641125610511676
-0.600684768701095
-0.630367254442062
-0.658484438085492
-0.608906554538130
-0.649727752324407
-0.596995936373883
-0.616273382889185
-0.661044031699653
-0.613704530204579
-0.640834890509600
-0.589427622804935
-0.659796124571762
-0.613946698298525
-0.632338678904924
-0.672279658897264
-0.655385060362998
-0.609801627523185
-0.667581068062580
-0.627320186011046
-0.650471795351470
-0.605321136379213
-0.638147159259945
-0.612340572544666
-0.645031320622831
-0.600129426861625
-0.660953244013841
-0.583351188281093
-0.668572585403595
-0.634030199754188
-0.594403737507199
-0.605951190555643
-0.662457953064291
-0.625480347071958
-0.676300527153057
-0.650171227756601
-0.617793237824488
-0.611795412196872
-0.675031985304221
-0.644583575651728
-0.660244326770920
-0.597039980818889
-0.628621049072455
-0.621597198750230
-0.675340982743880
-0.649319074904326
-0.659422127351103
-0.663148009660321
-0.619356267572821
-0.604100393156363
-0.619421809435502
-0.663931676017810
-0.644306455119977
-0.679159896500984
-0.631595799468273
-0.649183203878016
-0.617872917544690
-0.606551678857727
-0.610018339050027
-0.628848142154053
-0.650945911653791
-0.640837183682561
-0.656606236033494
-0.663708644284294
-0.667882587553027
-0.667946396836091
-0.665503940972880
-0.658534028476266
-0.567962326868736
-0.616731730112663
-0.596042019633308
-0.599036584528701
-0.605393714517446
-0.614773084467124
-0.620401805041278
-0.619471661425707
-0.619364054521530
-0.613901173464352
-0.575112462467442
-0.520062484532726
-0.499226824359202
-0.558376542581190
-0.532876269302388
-0.590012421796586
-0.551345047680609
-0.521455758779528
-0.539920947640753
-0.571127561709816
-0.598314699549092
-0.567670103235307
-0.541354146281332
-0.591189214195628
-0.512383440044912
-0.539038726263224
-0.557937075643054
-0.504410545504216
-0.517085544529396
-0.579896499145442
-0.546788162449731
-0.525239952037240
-0.503174946975550
-0.567583767945536
-0.558322087602913
-0.578135960414315
-0.524765185713248
-0.544008546202655
-0.599889049148750
-0.555196929709369
-0.562537093892439
-0.541897373995037
-0.496129057889590
-0.553800750589444
-0.597334678793487
-0.547495554997976
-0.559093223243631
-0.566452683457326
-0.509987821589310
-0.526490195086971
-0.591715968342142
-0.495083410434511
-0.537675620024280
-0.603520204270809
-0.548299828761025
-0.572927306881716
-0.552491385623209
-0.515144464210105
-0.549503300360657
-0.494185404894334
-0.509951094238876
-0.586639523404899
-0.527589171152103
-0.571257681312993
-0.512956930564479
-0.546600268022145
-0.586010040101835
-0.532446572951407
-0.562367743026145
-0.553768401230768
-0.502815606399759
-0.555780546435910
-0.565171477844527
-0.513161206449224
-0.545346080842319
-0.560779994886956
-0.507945711070522
-0.581700600809750
-0.532865823552623
-0.556975669973871
-0.505863465355825
-0.575748856258723
-0.528329486575026
-0.552013976414640
-0.501791508926768
-0.556535111096465
-0.522096869631487
-0.542161532332368
-0.546429782883663
-0.498781685124624
-0.525508374013972
-0.582112585518305
-0.526461411241856
-0.549564119389004
-0.505327153812205
-0.536842246472520
-0.562558510738502
-0.569210964896809
-0.593241573163261
-0.563397499529400
-0.571436159178437
-0.508319501885339
-0.541099895129425
-0.593102395803628
-0.566821117399547
-0.574719312511091
-0.566279377258836
-0.541177841620981
-0.532564777603522
-0.585247040040935
-0.559185883508426
-0.560039635091641
-0.513619149458760
-0.527097042372598
-0.522527974317377
-0.575710232883538
-0.551028061695810
-0.589558123269496
-0.572134737201609
-0.548766532436368
-0.546937768433862
-0.494348112458937
-0.517006419820543
-0.535010460254853
-0.550411588571875
-0.563405798680514
-0.547421584706347
-0.571336087139769
-0.567912839014269
-0.571632780602577
-0.568795840417941
-0.518856716149147
-0.519824664841423
-0.509164301984094
-0.504721661766434
-0.523520498718320
-0.510611837624102
-0.522207484448670
-0.520214062625198
-0.477280016811996
-0.435564666554293
-0.424937500755132
-0.488478593147411
-0.426713511906659
-0.469671028637622
-0.419536835964982
-0.479244668996506
-0.416810722851597
-0.514264598105068
-0.458308188578173
-0.483891597299671
-0.422051350492175
-0.451644222349921
-0.488945650696866
-0.452727000390305
-0.422549806854126
-0.459916262008788
-0.480286240775033
-0.452452769889281
-0.509557503863171
-0.472313539990571
-0.414685786650821
-0.438790563103181
-0.482638871965717
-0.419553304951069
-0.437547140039691
-0.467481591853520
-0.506404240572422
-0.452755706391989
-0.458348338863508
-0.502368116484675
-0.445911916401551
-0.461675235443702
-0.504854034382663
-0.510931912678142
-0.455761139504978
-0.481382154336797
-0.419655833543725
-0.435020790162163
-0.502312808989633
-0.454574590454589
-0.445073269282359
-0.463746089607619
-0.490209230369717
-0.441834392481327
-0.424062652748067
-0.493589524138822
-0.448358680461014
-0.447481328942885
-0.463352077466301
-0.444233695333308
-0.492059454191527
-0.465200713791589
-0.438309257146531
-0.471030502981910
-0.413742849239388
-0.448146198144607
-0.497683513731043
-0.442212489911693
-0.489989076304008
-0.426031520578408
-0.447802238229841
-0.504606294800419
-0.443613194992065
-0.456845314141578
-0.480426545973328
-0.411585722691373
-0.453727342906074
-0.478723841639434
-0.432525265679215
-0.451516878255166
-0.468391451063849
-0.409955984197537
-0.495879432413953
-0.413492265117137
-0.468730410588031
-0.490122308602037
-0.438699384243523
-0.459585425570213
-0.431878177788240
-0.487633093889001
-0.433906989221169
-0.484149354053470
-0.418061685284397
-0.500496499626751
-0.437300493328937
-0.463266119025911
-0.439724243600921
-0.514523196498165
-0.454207378617918
-0.476132935382627
-0.472471543651227
-0.459643093560121
-0.507261432855751
-0.512403074945824
-0.504253693481615
-0.412183414719544
-0.478207089867861
-0.494872270908601
-0.471764833387304
-0.472250171981774
-0.416129103391807
-0.444150658408330
-0.435319351013025
-0.491429786574052
-0.453571562373454
-0.496608422424358
-0.455742097981880
-0.442791185754568
-0.396007608422547
-0.431477262773947
-0.465112722229964
-0.498890572438200
-0.465438573548005
-0.497070505648742
-0.469484526225478
-0.456507200070115
-0.395982903132308
-0.455364042665824
-0.444405483147654
-0.434185227503138
-0.482577246695270
-0.467095301399262
-0.468231428005686
-0.468552222034955
-0.466693902119282
-0.416072762696245
-0.410527024954094
-0.395423166944075
-0.356173403540759
-0.333747419775963
-0.374553737047174
-0.371153903408287
-0.370304637144109
-0.360473985977213
-0.401077280344723
-0.354030682710640
-0.380928133493734
-0.416490868317063
-0.393707306859931
-0.345300655654722
-0.352299432641540
-0.412346213858590
-0.381318920919488
-0.346834308579404
-0.385683615046315
-0.375426934509122
-0.390080959258297
-0.358511931389817
-0.370820208474620
-0.403308781210267
-0.340457646289032
-0.404027285390901
-0.350854177469438
-0.386566242451547
-0.402968891483335
-0.403207978239846
-0.351271049525890
-0.396413903745715
-0.360743025291149
-0.374109207739578
-0.391480973614703
-0.342568838057774
-0.330627168850853
-0.401288730425758
-0.347572498139920
-0.343053749516151
-0.378395875571982
-0.398868714011601
-0.409930102943620
-0.365483113166189
-0.344879137213149
-0.389627616450287
-0.334226777474164
-0.390774711590872
-0.394049623981419
-0.362965132781966
-0.383448589300101
-0.366824842492648
-0.397551285043808
-0.388180722111026
-0.338247993351943
-0.373465829300129
-0.401376812571430
-0.342271478756191
-0.349011457387771
-0.399573614386831
-0.345234804723125
-0.374940926865137
-0.397340870751170
-0.343678231856751
-0.343092196911891
-0.446059571710803
-0.342840843657933
-0.371766435369076
-0.355716640320897
-0.381897365085108
-0.390717041528579
-0.392875300625951
-0.329415673258066
-0.374452406785481
-0.351311346109556
-0.375164770056745
-0.407188530539256
-0.341862322394303
-0.391422255036653
-0.401617981858805
-0.442364342684238
-0.405994146582575
-0.374564596608823
-0.418987691488835
-0.340391452123385
-0.351320529062541
-0.378163602395318
-0.356580492710819
-0.443440208548920
-0.381316088824458
-0.352581298750900
-0.382604638744901
-0.407871312442333
-0.393840600758377
-0.368722259237266
-0.428886509548436
-0.329377291206940
-0.371114051254362
-0.340931822547087
-0.390871547654793
-0.410697234154995
-0.368657292219664
-0.403581134959450
-0.346440720830993
-0.373423890514575
-0.349183361273519
-0.401171609061394
-0.386171140664358
-0.433099561363717
-0.380265214642407
-0.407093997418846
-0.444270259907023
-0.412005884584182
-0.414653446967879
-0.349747425142086
-0.372712857009326
-0.358119939807583
-0.323762827841869
-0.366981160684530
-0.343892159264739
-0.385871481281469
-0.355567864639355
-0.349321155038477
-0.315792555216758
-0.318691014739939
-0.265843902120460
-0.306681810624315
-0.248130419254768
-0.303190318487237
-0.252208625138964
-0.354894527066788
-0.243736195354899
-0.299616703939990
-0.318834186651751
-0.253787657465365
-0.286358347538558
-0.269910277777397
-0.311649921633525
-0.292229204887657
-0.318589836761567
-0.275114624758669
-0.297205118936515
-0.318853457027409
-0.271181946270728
-0.249535718155045
-0.286136784677268
-0.312902449190046
-0.268449584657368
-0.330642319973687
-0.286443174747042
-0.338154525831813
-0.293011084222688
-0.314816077282259
-0.285114247940257
-0.303105737978150
-0.322608894418730
-0.309994170363813
-0.269054621019958
-0.284717871788444
-0.341360088858672
-0.294765125039407
-0.237853662644646
-0.247875256454836
-0.286760016066237
-0.281901396649568
-0.287069282076403
-0.319940427088156
-0.273823686852863
-0.255245331686001
-0.339837852531539
-0.279108079611291
-0.285289635349651
-0.300981468316467
-0.267307828184474
-0.331038106950387
-0.282499829565684
-0.268684355459397
-0.318550366734705
-0.327898817106109
-0.281639928174164
-0.310363484113069
-0.250229256897024
-0.309156430499118
-0.282811824148338
-0.302251973806227
-0.242888710287317
-0.285913125585984
-0.280204061629666
-0.230603285476001
-0.287525701037565
-0.312433140765969
-0.232474669465574
-0.286600306452727
-0.273955952332187
-0.289490104214773
-0.288874926258437
-0.308499000045858
-0.334073145886641
-0.233881496645830
-0.264955465252568
-0.318543488773550
-0.277294884434270
-0.286092959228611
-0.309595775338062
-0.283835729351474
-0.330999508537053
-0.266647620724600
-0.341057574896757
-0.312500429889760
-0.285571555691872
-0.291098319658528
-0.321423265095988
-0.287808519299624
-0.316885615691100
-0.277392877370853
-0.318220476225634
-0.253323742637356
-0.287533343209308
-0.343058950560806
-0.301569338248621
-0.317054445002229
-0.276576965414128
-0.285835069335512
-0.324023951167240
-0.320173014072388
-0.279443385195165
-0.277932299900689
-0.305151408276846
-0.253146476887584
-0.252321907191936
-0.301139296578511
-0.337461314606170
-0.287777405034452
-0.328306760819867
-0.316050427476661
-0.297939349000929
-0.281697482894779
-0.256143559866485
-0.270946107940563
-0.266760841679272
-0.317526120813656
-0.300941058340174
-0.316666873871745
-0.294168022094053
-0.277331619422178
-0.251217496142452
-0.247152266152189
-0.202971841013034
-0.174235567836887
-0.206613074293506
-0.174395037166392
-0.200456571869852
-0.189576924452342
-0.178756669241871
-0.233096157771696
-0.242988175799894
-0.175277387656566
-0.204322799656455
-0.218466804090072
-0.150147063920009
-0.179725388528817
-0.207123464010803
-0.230970207063501
-0.229258699163340
-0.184126898835157
-0.251762502758073
-0.203550317818907
-0.210132447580422
-0.184035119912951
-0.222873265848329
-0.173982318545666
-0.236842196230858
-0.211800963122125
-0.223209409826520
-0.248495055777904
-0.245464370303104
-0.174905331178420
-0.212782986559368
-0.257515799867238
-0.195949342993030
-0.236841973102013
-0.174417130958577
-0.216440416594933
-0.193579566375399
-0.201040537599741
-0.229321446568598
-0.226270996107668
-0.162432716196760
-0.173837630276802
-0.206973617587024
-0.189696107931264
-0.223276568468361
-0.237558350803801
-0.216007883415845
-0.221376089159984
-0.191462839388074
-0.257471437216952
-0.195230083308993
-0.205117285444827
-0.226508110436274
-0.183999814773218
-0.223093587619337
-0.175049703249389
-0.227164589493744
-0.175374963777697
-0.225339953277452
-0.173610488837894
-0.228743619552734
-0.221305921663726
-0.157614373119892
-0.227187054667898
-0.241670835026236
-0.177139675891657
-0.206507989853000
-0.200931940948555
-0.219962084213052
-0.248765947474634
-0.177888454515685
-0.244387257492447
-0.177766068952740
-0.246334767898316
-0.214078869427886
-0.200590938331116
-0.217657187973206
-0.270140430897949
-0.202365454652028
-0.242357651012656
-0.176539934074097
-0.186602894856870
-0.223100611303331
-0.214463446490470
-0.251629581127518
-0.178263538720406
-0.219217859168299
-0.253342112273078
-0.210986969578466
-0.236978631195303
-0.170445910806923
-0.236823407324392
-0.211773390356293
-0.197332207873897
-0.260382879254579
-0.220039965266425
-0.234255399765438
-0.208772817676819
-0.182711992332389
-0.198731016880059
-0.243349858197595
-0.221793067146646
-0.232231052816098
-0.211054751766633
-0.190409286521584
-0.165818532671470
-0.200092341661955
-0.209890856064427
-0.254872462335579
-0.273819348802475
-0.249050598006991
-0.225325289913249
-0.199294047000134
-0.208932086932597
-0.164172936951496
-0.164708596143824
-0.0955717340573658
-0.132841656142485
-0.103237955918999
-0.137006280452057
-0.108103167308155
-0.139287724771806
-0.125524549641378
-0.118801330103834
-0.103845798738996
-0.142545431848717
-0.0848745210486882
-0.112833129820959
-0.131567428026821
-0.159488891902330
-0.113608555465262
-0.136636377347196
-0.147853597326961
-0.117691152623569
-0.160647163684211
-0.109487517473990
-0.143815144052681
-0.155824394838457
-0.119436939322793
-0.118245210514743
-0.184099795341335
-0.110378049772025
-0.144534471347427
-0.138593016440138
-0.109083103702727
-0.147324014842785
-0.126994487051539
-0.149602957763157
-0.170271989240093
-0.108286444649638
-0.0902733701081069
-0.106787438943271
-0.105331857733564
-0.141764399539586
-0.164733946186101
-0.176491025100501
-0.132382923906305
-0.107669403498597
-0.154810064853337
-0.0978642011439489
-0.104784898195099
-0.150263104251977
-0.144172040305457
-0.124131933422493
-0.126341096640614
-0.170555794311649
-0.162745343215032
-0.115481899497399
-0.115919534594211
-0.166051565878576
-0.107790492687890
-0.116723781742372
-0.163361323100353
-0.105905626071450
-0.113477023759870
-0.170579384205083
-0.0969613611287986
-0.106526040309775
-0.173424858246082
-0.124372779852454
-0.105381010018241
-0.142783668183770
-0.134719348888704
-0.150853438399748
-0.109092409078198
-0.112494087154582
-0.177158620009866
-0.144165865582904
-0.136848042381820
-0.149430614017442
-0.132977660114104
-0.110393251800319
-0.118511067782563
-0.157649383261812
-0.144459854838701
-0.108184768523994
-0.180550401710568
-0.149104786856970
-0.139970075954318
-0.0995412618346802
-0.171132417806398
-0.142567504723402
-0.129348252716798
-0.156773919311084
-0.0891595998058299
-0.112724049142151
-0.140696802530153
-0.120527812829962
-0.181269701725072
-0.175067664409337
-0.133704485431968
-0.123640738594434
-0.148543122824238
-0.108365360036627
-0.109220463195486
-0.153515428980193
-0.126402048609636
-0.185945985403650
-0.149938942983649
-0.230717511743709
-0.205116569678330
-0.181249706496777
-0.130210581484749
-0.157761196175487
-0.146172795511430
-0.0981889432901201
-0.119266023271715
-0.160099371663872
-0.134620588571287
-0.110333543909269
-0.0291465309895785
-0.0626098840768656
-0.0346962960605738
-0.0723190536716654
-0.0450988379217795
-0.0753694875907825
-0.0642582815862881
-0.0490790366525746
-0.0288578239851901
-0.0764063193342075
-0.0163859154884765
-0.0529473076349975
-0.0550343687367149
-0.0925105389872646
-0.0490864980385679
-0.0615931738488288
-0.101674777503501
-0.0488497597348917
-0.0816782092416742
-0.0495804239069822
-0.0134556445169662
-0.0487388483005873
-0.0483884970025442
-0.0809888333270951
-0.0479821147340760
-0.0825126419451029
-0.0453416724518294
-0.0777182570245112
-0.0901893319118136
-0.0261287716509219
-0.0714348110358939
-0.0408973957083884
-0.0778728214641523
-0.0636112274785120
-0.0379326851481245
-0.0676580242351855
-0.0575967691212034
-0.0307605782919947
-0.0226327566858062
-0.0378493937279218
-0.0598429195759483
-0.0373416755465361
-0.0310046394975849
-0.0536332601474424
-0.0815058517421873
-0.0763554665600745
-0.0506038377158548
-0.0538320811863982
-0.0856269964506874
-0.0504083022383584
-0.0588294029261429
-0.0517982625419943
-0.0530506096513146
-0.0397051447056184
-0.0493434661161170
-0.0188034359079660
-0.0497791737617507
-0.105822866332890
-0.0613781363957251
-0.0362072107758469
-0.0699527538338197
-0.0398710131167677
-0.0776968007483167
-0.0783336436999896
-0.0347054329837669
-0.0439842376387001
-0.109254223036027
-0.0757602931834777
-0.0776620819540571
-0.0182650916557873
-0.0633524155961636
-0.0455300704672461
-0.0799986729628665
-0.0448222398394184
-0.0499303248231748
-0.0895177186263984
-0.0765216828484948
-0.0384729799750070
-0.111291253957798
-0.0803970423863264
-0.0691805718784746
-0.0283172716814331
-0.105346489787499
-0.0742778797086846
-0.0428126953250057
-0.0587651580845956
-0.0166688688554031
-0.0343897362675721
-0.0743771878231131
-0.0381065270544489
-0.0483074415800699
-0.0790452802106565
-0.0609818442106256
-0.0850290895978441
-0.0593345775192107
-0.0421691155826519
-0.0357535404994357
-0.0827241017495208
-0.0558763560821724
-0.0850611456321636
-0.0856252368002586
-0.0310808969508203
-0.0701542636326368
-0.0595343889606081
-0.0189443516644967
-0.0512616407488205
-0.0905722032626546
-0.0643330646395547
-0.0410750092576389
-0.0239279985839244
0.0266210847879265
0.00456874658521281
0.0407600293318397
-0.00180846252649919
0.0279042933695108
-0.0149543896135570
-0.00922268300550703
0.00557081503054060
0.0228273302186783
0.0353119311364494
-0.0193211085440651
0.0125357628464739
0.0493833319082676
0.00699851156709467
0.0220082384166182
0.00598526521235410
0.00452739956497686
0.0112724446857394
0.0175705236326180
0.0529252012413389
0.0195298277522738
0.0132333524257494
-0.0164325344061647
0.0202392040788280
-0.0101649571462396
0.0286135364965123
-0.00652589500875409
0.0434092385748559
-0.00259916767114636
0.0304489060028007
-0.00673127873814822
0.00659403848196094
0.0295147816860389
0.00264891373229503
0.00597052862721778
0.0387891158807122
0.0457348496799835
0.0323673126517374
0.0109214272882670
0.0309179445806820
0.0331040717167250
0.00578490552280254
-0.00871278210889737
-0.00732754320650337
0.0183634902565343
0.0268950148319153
-0.0174007569949038
0.0278576543770279
-0.000640405386438521
-0.000183243467806211
0.00931997154317869
0.0168332378419629
0.0114313610749934
0.0352064121904878
0.0122763333716883
0.0515480558723185
0.0157848597481799
0.00887920531352629
0.00654494763790380
-0.0188128455009439
0.0266220387729336
0.0331509987599436
0.000204446820404015
0.0264885248358376
-0.0101036114694392
0.0495671145477575
0.00604141022428909
0.0144246653777291
-0.0112658758027753
0.0237241977774431
0.0185764750862702
-0.0202433757398048
-0.00777408683726617
0.0327211513632291
-0.0118449155454751
0.00184209739688885
0.0430548250660581
-0.00551216655724028
0.0267337376852484
0.0130203989226757
0.0540658618543285
0.0370007784517823
-0.000698824299995325
0.0322218289981964
0.0210465697371731
0.0538534237744793
-0.0130475289100645
0.0213584097964284
0.00856964882504207
0.0101737648807101
-0.0101718033266102
0.0125788855056792
-0.0186564120030134
0.00273462426155096
0.0420647247506403
0.00872462382241018
0.0472434182587336
0.0180028588879001
-0.0196213308008983
0.00632282615835558
0.0248785992314357
0.0427367882937684
0.0750285737714204
0.0825728530356103
0.111992810094960
0.0707010050990953
0.0950585463689034
0.0492836392803425
0.0596774834985486
0.0753460896564110
0.0896046814314967
0.108445317486064
0.0587938919944309
0.115071495925790
0.0714506219994989
0.100778098843872
0.124116515564809
0.0730611883944714
0.0708711496029116
0.0664985122699450
0.0788626318666515
0.124310989655085
0.0896101891583484
0.0737300592297457
0.0594111165599772
0.0824284576956776
0.0630537426860053
0.126951259251402
0.106040832430503
0.0679819892275525
0.0664718695971936
0.134777132627475
0.102023634826845
0.0623580240759271
0.0757682113891097
0.116922282196850
0.0949771201437135
0.0697708152816207
0.0712748392425874
0.105425097087522
0.112074393074968
0.101522853484555
0.0839895321976760
0.0939455774415962
0.100922554936060
0.0691333733509124
0.0603205205862203
0.0641474941157341
0.0886651727494115
0.0927340610548788
0.0575893217100849
0.0987750252776487
0.0698735975535072
0.0674760358168320
0.0725749375302188
0.0887144455161005
0.0743920719413964
0.102615714993429
0.0789364410123697
0.0630526719481574
0.114148171604508
0.130994352378023
0.0785560455907286
0.0802299183443085
0.0535107535408358
0.0968736146061567
0.126065255088029
0.102746904378247
0.0763952366881174
0.0569147554711375
0.100369617233461
0.0716227148513593
0.0720095655740872
0.0554936423137863
0.0969997542729869
0.0910479767254416
0.0481614957985979
0.0649030972264801
0.103051121894002
0.0587272246779696
0.0722539564476152
0.113233412708824
0.0644214642659769
0.0963795413533276
0.0833725986028346
0.125386519041476
0.104063588750159
0.0690825392363754
0.101951600389351
0.0899858884740090
0.121124039511657
0.0802659458755454
0.0804022906561052
0.0776566861094411
0.0355528043253621
0.0601020091809009
0.0764952840724408
0.0480469562322987
0.0761182931158777
0.154763550969896
0.108820091032603
0.119793735663112
0.0821007113969086
0.115354874054757
0.0877631555683615
0.0536154881872367
0.0772234347363274
0.0909428357900432
0.131179015245959
0.157615979791409
0.181940922088074
0.139005650944255
0.159935849450637
0.113630760639287
0.127210949949722
0.142153643138989
0.158593484399205
0.174094901989311
0.185682963551562
0.142461832765102
0.167380168178075
0.194804834733698
0.188524170517705
0.136874343251888
0.176041734921408
0.122903568155920
0.185192703500079
0.154292252090775
0.182140335792065
0.126932703235021
0.125356935941724
0.134557152010154
0.187053102514219
0.181571413823655
0.178089363396554
0.141987246329186
0.189931946009617
0.195488204297874
0.172203768246739
0.130518043208555
0.139438398807788
0.182540527762003
0.162288776435992
0.137900304513978
0.137341806256030
0.173888343045120
0.181547127714875
0.169568134633081
0.152632716379473
0.149766608166264
0.135659416150894
0.199651542360820
0.136400566548512
0.133683310348954
0.172163712107288
0.151682033991523
0.159269926297038
0.197659630367319
0.124281266782082
0.140003082975915
0.167090131313590
0.139149288392407
0.132052552931247
0.152230211503409
0.133932460251244
0.165212945765998
0.216025238563146
0.230170493308896
0.138027661458508
0.180503256656832
0.142026071650851
0.198139729995678
0.158908424287500
0.199935109736072
0.149489459205086
0.149955019650323
0.120823933404956
0.167686552996557
0.182273681108447
0.118181315386949
0.164148102006703
0.183449992666706
0.132769112267440
0.159850898674387
0.157905078986609
0.124620156656014
0.134189483404438
0.171841713704828
0.127468621042684
0.197710550456539
0.167571756794803
0.141303927057762
0.182693067032121
0.135209366285700
0.207122028735060
0.172490454213872
0.152375444301396
0.197223834359585
0.170988501715086
0.137781710888765
0.160160240916364
0.190551695025338
0.149078849224463
0.139348255763841
0.201845082130119
0.182200272056652
0.146322033223827
0.105261403928880
0.128682426623533
0.135276402530641
0.111836408228337
0.178755447350283
0.155519802172891
0.155775649887505
0.208178670895930
0.205936342004066
0.220154955301107
0.189912352593337
0.152592581767556
0.131345008811870
0.143131740442048
0.231787632683717
0.244260081090363
0.204376707025048
0.224522980823452
0.178214242548564
0.193716473150751
0.208656138009242
0.223886238705849
0.239519067876379
0.205977999611629
0.269004158107304
0.234362579079898
0.255412218811491
0.288376962468854
0.261166396191017
0.214076513406622
0.234498685364192
0.240626157724221
0.231289401246950
0.251007993263289
0.238957704537009
0.234467286146385
0.179939436356595
0.243358688120820
0.248431927233305
0.297525956542005
0.248108131032874
0.207722532211844
0.252333587120937
0.264951453178567
0.239703781464723
0.200025200434704
0.209773543864155
0.251678565130496
0.282321438451734
0.215206980321893
0.204317437154870
0.245916753259249
0.250791385003542
0.216533603096705
0.238099250193169
0.274714143843010
0.262610561688455
0.213095026771866
0.262127328107915
0.199578392691947
0.204782922911316
0.212998132378155
0.238890850690040
0.255998154673570
0.209893848547886
0.247265513607833
0.197500418278438
0.262711246171516
0.204230912951222
0.192590094812000
0.203888602681784
0.266990869751180
0.194739579846345
0.279611713835523
0.199925191859476
0.246395834381928
0.207839973612227
0.262196054642714
0.258422177609916
0.263568506181425
0.265474051414633
0.215552112850636
0.213654250359010
0.242996814738986
0.231449259769476
0.229465975483124
0.246693370184691
0.190069017199913
0.201517084423542
0.226251159456220
0.274604813165551
0.231739836162486
0.189870024628433
0.242311010210261
0.235925656972745
0.265212031270005
0.208970190073514
0.250037444433883
0.247398112593976
0.275926273340847
0.218308607670730
0.229907338426483
0.269278694168794
0.257112314882710
0.236895054236819
0.208640290274833
0.221845527235673
0.171687948841782
0.245768665567904
0.193061318764953
0.247152342309418
0.266211053271207
0.213649713469639
0.192600107521523
0.242707504878609
0.226739809412510
0.205497320112401
0.263702334534257
0.197835147538388
0.260179786716544
0.262496334342459
0.271960812411905
0.268329852914302
0.225040687023987
0.296387889916259
0.304453514398602
0.269017052349476
0.292973564817454
0.244403486791683
0.306955032601504
0.258341348646226
0.272420620332069
0.326930318240726
0.304313973247726
0.304833013871043
0.359735500790471
0.356431988730131
0.343386230482899
0.320623747870809
0.335181254932592
0.354134202364031
0.308265308992374
0.325846044742846
0.278384117890046
0.290906226664732
0.301289960334244
0.314686782491855
0.339720202664647
0.291626511524326
0.298428232016518
0.308027763074982
0.306785333740914
0.353408881257920
0.360132945237697
0.322342753006848
0.277277436904393
0.313007907453873
0.319099556526396
0.342742315198102
0.257500831034716
0.304757244795959
0.272242378009695
0.376113012052924
0.320453351569255
0.343398151463167
0.316964067175026
0.321381509501076
0.311760784770803
0.276778600443949
0.309851369093472
0.330852012171174
0.319986050525534
0.307608081798268
0.322382342241042
0.261766834877902
0.286755855365214
0.353788809594492
0.315572705089373
0.309165681074775
0.270520677508850
0.339716688554810
0.311798682212896
0.260988783500033
0.325697073361816
0.322105413290103
0.253268776343923
0.311660521955229
0.328091901190009
0.251233222536321
0.306968435508400
0.317263785385684
0.342051240212673
0.258186087524826
0.320784122847658
0.294295803714942
0.317307353932452
0.311336146548702
0.320279923882885
0.280294722168764
0.328992622585075
0.343333861221213
0.280003511951723
0.329552425587345
0.342803094494468
0.293229548356978
0.296403242509724
0.254078996736722
0.304432475234093
0.319625101954903
0.298720947341759
0.349966991725279
0.295827690836442
0.276206389869015
0.310960766953058
0.333813032358892
0.304573370319428
0.330611122409440
0.277266227713844
0.321331854291886
0.329436768906992
0.314578875364147
0.344223974567521
0.340590616507538
0.294501296257562
0.280327856530003
0.334865327005741
0.329819660078121
0.286404153107231
0.318088775999204
0.296499124131266
0.253388460011096
0.305960797381353
0.303367893342921
0.290199212651870
0.355264428908243
0.335945868187474
0.310210978723640
0.292584682263240
0.277553840990896
0.331450312161281
0.320280255006490
0.317220843143317
0.322249029042025
0.326186126934698
0.352764291567246
0.374105798424984
0.360888862216582
0.415901713232585
0.413336944966680
0.404517962957069
0.404177782054041
0.410686387810636
0.367204791707026
0.382822958604713
0.399293516338156
0.414487419347760
0.371074288520465
0.363993004050229
0.375627900054334
0.428231229897287
0.424653747286500
0.431824666823311
0.387462874350775
0.400137664251308
0.349781849568173
0.360715460520328
0.407279325017166
0.414787033581371
0.404297936832602
0.383781548342812
0.425826514211352
0.365267230264945
0.420393266012212
0.413880398733412
0.456489698763288
0.404167760637980
0.375204707337613
0.430856230148737
0.372399513504677
0.431500005502237
0.376516936406046
0.381236295548859
0.374382579499577
0.411725729560964
0.348984664441803
0.379413126348408
0.375018359749212
0.430985832454221
0.410739874376533
0.381679471213265
0.362117557395826
0.425033496041456
0.376541016818298
0.403316981861130
0.411073229767776
0.428044817349813
0.369301588613598
0.392139125221202
0.369255278691672
0.425951986495016
0.379747710641999
0.431365633679195
0.374701180098579
0.355532106199078
0.412980514187232
0.381589053438668
0.375727224063441
0.387059463304458
0.381029880521735
0.357777679757899
0.404351458458902
0.424822744118749
0.378278103571104
0.377356286458290
0.436894966702727
0.380527527621076
0.375694343916065
0.437870656313705
0.390123098874709
0.389913825323040
0.357073717460265
0.405256238450440
0.422674229320797
0.350651970804001
0.398627523583512
0.403420734041951
0.372345471293276
0.375268302221211
0.417379963346479
0.432225680694024
0.391043339462495
0.370337403639380
0.440676706280320
0.384381926260114
0.368860163656876
0.412237768080742
0.387222807937072
0.382269269091353
0.388442518491890
0.442333049492785
0.417607601840152
0.355140363046314
0.429185235450501
0.396299323590444
0.367058452749231
0.417055601845915
0.364402012160331
0.373565146490761
0.438376931945447
0.420552557421781
0.392141074330641
0.358879853408137
0.358615331739036
0.354658819257056
0.413660359280946
0.344157632388735
0.407639857603965
0.396255133381161
0.380525280137069
0.440854977783724
0.436721540083126
0.390413767729576
0.453654932281272
0.400667616783797
0.383978702093244
0.375298738945038
0.375300260063616
0.468032807585326
0.464405653890394
0.462400400811904
0.463353887535511
0.467015695104410
0.428471092028843
0.499951321969161
0.450203938644512
0.455890422595440
0.426032782020387
0.483879512293729
0.481140022790479
0.475292976809717
0.522551472915794
0.520148682966651
0.507380600940029
0.510266795312879
0.472930555676868
0.495575095111419
0.450864745130410
0.458891852224319
0.466404330130055
0.476463138290474
0.534768321336712
0.514396127193039
0.459924238548877
0.456249187784732
0.466661542144237
0.530722302487961
0.507066338159888
0.493218049506405
0.499640641136023
0.443910631006392
0.433016418808442
0.533524079397305
0.482964104363682
0.490148365207475
0.470181639048851
0.434981323173974
0.488342520423382
0.488333170665172
0.529749075732386
0.445107432354255
0.484840121971077
0.532348032329983
0.505305351785983
0.443600581748424
0.479149874707533
0.469801326013507
0.484910422260197
0.438956278515726
0.500806526239727
0.459280528507362
0.516363935238257
0.493197351829043
0.480520210767053
0.449515541587643
0.502204161177773
0.487137070323025
0.443594332308708
0.499928654439325
0.489741959634950
0.435452939468691
0.462569428073744
0.439948083593432
0.492455330752656
0.438794138857960
0.443638895390358
0.493656915989689
0.437493843172807
0.492618427895471
0.544048247689174
0.476402408618681
0.435211548370204
0.490752349083692
0.479790926071731
0.431436192179719
0.448649739216122
0.494083068172232
0.508382466310481
0.448962280878993
0.499601282701216
0.504753719879105
0.468234975696141
0.452892782173413
0.428337910828999
0.480943842447264
0.494400001872961
0.464287623879500
0.476203744906386
0.434091756590228
0.487351312103739
0.476152108423761
0.438146617433392
0.489579358896044
0.491260626381284
0.455847626710511
0.517996613175915
0.491447365759702
0.485644192145261
0.463129228385682
0.550271097739083
0.516630943435629
0.454331175452689
0.519436443118233
0.488600233746295
0.420386394795350
0.475755615896129
0.411810624859398
0.464912029320550
0.467297348213337
0.461005288902435
0.548378054015713
0.511600233547646
0.491016662786225
0.470607502967205
0.459203095609129
0.443988717834570
0.498553267411036
0.439016803729336
0.495164291870650
0.430911728191919
0.488918542556876
0.491969824462746
0.495458292529613
0.519429969753738
0.518655815716576
0.517809331862707
0.531081985286170
0.572446428992830
0.573453024751224
0.573291945601352
0.572632787089979
0.570138912627819
0.558781129782761
0.552431467076053
0.597573250545632
0.561670006119380
0.534883060284441
0.526347310149858
0.582119606505214
0.541295516416664
0.596411208101003
0.589089125861727
0.555021987105293
0.553322493628681
0.581198799764404
0.508161194589044
0.558835753561761
0.613084903639133
0.516389753695242
0.601662916515117
0.553632277148509
0.519954487477221
0.574368702135798
0.573459863745982
0.626916254901238
0.592944159619522
0.558501331905209
0.544168421575714
0.600594811854844
0.549868505386839
0.614923740806003
0.592569055351010
0.584211117286867
0.564615021811972
0.542134627040500
0.582934537149960
0.596224650282436
0.535578400879614
0.528500197852345
0.576547954682025
0.555359062275241
0.547333874432521
0.553610788368704
0.580680533252302
0.588636442471066
0.536552402846572
0.553518229167396
0.540153025945563
0.586678294077914
0.505116120270310
0.556585016458962
0.542436683030077
0.589466895258853
0.503001982998308
0.554333220656005
0.543166006198692
0.590779272759804
0.493980328126634
0.552542088144994
0.534870963860807
0.587196568015260
0.547149285646250
0.531414287631703
0.584787387728605
0.538716062203602
0.591621950657881
0.587156185556691
0.531661595618572
0.580901436590729
0.484382424828126
0.552463347273489
0.559408272278099
0.559288006107432
0.561924057633018
0.604906681590029
0.522620479566938
0.555994421936540
0.581205997469127
0.509773137944310
0.518982431650350
0.539834657759532
0.546610200631856
0.588151876236538
0.531795987445616
0.569525958855381
0.588982641115757
0.528255569037032
0.580423344957868
0.570797475538876
0.530986787711260
0.549399721957332
0.584784711158841
0.555312299105696
0.605533223191643
0.614078752161644
0.578684353149952
0.541985305343576
0.598704794608907
0.511965686689718
0.539287394562278
0.572899112971040
0.590785252079870
0.519043822241462
0.523378133416536
0.572470790498189
0.525959849074792
0.576800085641629
0.546068053370069
0.583580295726085
0.544786553622958
0.594000094205518
0.542995202276684
0.595396811711454
0.543684215902732
0.594249420307702
0.541394937911461
0.590181300177657
0.573945148820412
0.619602408463474
0.623513631820825
0.623882071898482
0.622271780848730
0.615219992495655
0.607514047602953
0.590200154868558
0.642515815271847
0.653209839941696
0.667283531200694
0.671102947806270
0.670890966981954
0.666901830550293
0.659936750065381
0.648889505559748
0.622711440012081
0.648542561945006
0.614137729503098
0.572118485168388
0.625410294545666
0.634718077193921
0.694645538062178
0.669676456718277
0.634516704973755
0.653891854445080
0.618001458408919
0.647842523045452
0.699194868155357
0.664010958491191
0.672060303604645
0.613883426133951
0.658988256609323
0.650205373563751
0.704329381014490
0.678254198768139
0.653080611779702
0.615874367829103
0.640875087308270
0.605731340227240
0.642172256484251
0.675333403260638
0.644266629185209
0.672819879750764
0.626817424903043
0.661043936951959
0.691710730451171
0.601821107921364
0.649124105144984
0.602141628505587
0.636832539298952
0.677768232910359
0.635936096595335
0.678126303655434
0.605662521857723
0.650460957730261
0.635046019743323
0.682358690640545
0.605973922769215
0.653379192297511
0.681391552878733
0.635167791582230
0.603966924835391
0.652999615813466
0.636570989202588
0.601493253361225
0.651035415758206
0.635513046898325
0.596787410453314
0.647737404320602
0.630169983204377
0.634524536793296
0.677934260882136
0.642315825820503
0.615358152438952
0.667144850436504
0.614651212940397
0.636024127812163
0.670380091147295
0.604885012017909
0.655675192324795
0.610965753401563
0.611561357249065
0.636246386045975
0.669101248639585
0.626127927954301
0.652413746949989
0.677733094383308
0.624611320827209
0.648147180890286
0.673813022563581
0.613533998594450
0.648803949947173
0.673086049962966
0.632984251102728
0.694106466697472
0.658267114492993
0.609630011269050
0.642399507597504
0.633407484903403
0.665135664745011
0.684983142763374
0.626633525408960
0.667525538014895
0.675859283649696
0.564431858409175
0.650978274505931
0.615473064565348
0.664731487089572
0.623587216247058
0.673378427596470
0.630055787429283
0.639318336414752
0.677558968729219
0.687114148465347
0.625711304640536
0.660887460434904
0.608314460517720
0.644498210864208
0.635990522362037
0.642210789031969
0.643491478125404
0.704597723338835
0.713228540097249
0.715506393838744
0.713529401025736
0.708389546857403
0.698173593644098
0.677200006075357
0.675552507451738
0.684600931803986
0.743742734756680
0.750880095189544
0.755769686178456
0.756275933507998
0.751933088568237
0.744660876406155
0.727274295505038
0.749078440951329
0.720869661458078
0.701030457232032
0.689169233024185
0.711580046999261
0.755951199882734
0.722961353338530
0.732674793888105
0.766230589690717
0.738175185258030
0.707991476139346
0.715989285928918
0.726946978185342
0.770678133913595
0.747510440236704
0.752307954118309
0.761217493168894
0.695175755013962
0.698001359980448
0.695780308110420
0.729973988254152
0.754061030606640
0.735726593590082
0.749461662576437
0.721642942076549
0.712389616304922
0.744177129346162
0.771454969302120
0.709269892325352
0.742680508247291
0.687593024861631
0.725365107648719
0.758346141858320
0.724363584688454
0.757237815649669
0.696817783763494
0.734977933985471
0.727729812164460
0.767441750565374
0.698079913389439
0.739626052679546
0.769914306861336
0.681092786137842
0.724647699219579
0.697423773376140
0.740434286912629
0.681125727449699
0.724112882826534
0.694787673509209
0.738635369662442
0.681708378334397
0.726839621638317
0.690358158045558
0.734904459400237
0.715701801314263
0.723613483321710
0.760447028217754
0.684060939167218
0.729794812369930
0.704674835507226
0.751234758145600
0.710549506562309
0.720644139382370
0.757425048167652
0.688602620676402
0.736421139145915
0.660727425301286
0.699059943889234
0.745534654893475
0.773411450283825
0.699414162498141
0.718894703085154
0.746260179252998
0.726750435274898
0.702408524223958
0.751814595186217
0.725998973590080
0.724769536003379
0.768065208139576
0.750931664824554
0.697153353456766
0.716754238183005
0.747230277455868
0.764055390303260
0.711318736996247
0.756798884707910
0.716102295945492
0.700296476239760
0.733453516886893
0.746761063608808
0.778320871470703
0.712234489922188
0.756978139176028
0.720236216027101
0.726224270558330
0.763557861812139
0.764276993905832
0.714157088019492
0.744009808058164
0.692788112910703
0.719808038370224
0.679557963984123
0.725463736833269
0.684557292368923
0.728990766266190
0.687579159755221
0.728533364266654
0.788475852924562
0.791906683520867
0.795068650564874
0.792455712413846
0.785879943954977
0.773865761336114
0.789980094861437
0.795710345442517
0.767972622841582
0.779256982019901
0.828083638988504
0.829496134336128
0.829645781911393
0.827660880707690
0.817006330056153
0.810965749613018
0.832752275840044
0.810196702477677
0.782594634120576
0.809384081401205
0.794062129700974
0.832262299974536
0.814015458508773
0.820690760719581
0.850848566557367
0.825946053981292
0.804060470968722
0.796780304897464
0.781038383562318
0.797358871597959
0.839541458027581
0.837552804810144
0.840181104347054
0.779944626078096
0.825163647467796
0.784581574907252
0.819920069555276
0.827240992634377
0.798742016161395
0.840640147297939
0.787978125471979
0.771636243596338
0.804767306372960
0.847084240417137
0.815301203830598
0.827767734765753
0.799500683369109
0.776073414999264
0.808757637966861
0.836833963929773
0.805750719779932
0.835425125908131
0.780993227205147
0.816641035138933
0.804496133363727
0.838106569315558
0.764356056438238
0.779478924197199
0.819390801587158
0.806146248427103
0.838929740638336
0.769470944808571
0.775945094929702
0.813886605592277
0.801903607521992
0.838058179805041
0.767158391359505
0.771905894874340
0.809989700027559
0.793338476695131
0.832491092162005
0.766569678064314
0.801002047729428
0.808267217481628
0.840492050219077
0.781888914073648
0.821183473592596
0.790028160207299
0.831793187012965
0.789711189710197
0.809393920502593
0.834632748499384
0.764786409038187
0.797746632974007
0.817176953941504
0.840200463940599
0.798008176728870
0.840409830566222
0.835559211651168
0.808749656003116
0.774185925726362
0.818402372712780
0.793080415189376
0.834853627994131
0.845585706511159
0.794917400415922
0.831756812278422
0.823349941469438
0.794865372928350
0.807011777109279
0.789882532175166
0.819389913818261
0.798674778424962
0.829712256445074
0.804442577947989
0.837338160930632
0.804985044474510
0.840732295982289
0.805258731511545
0.837285703549719
0.797216424538315
0.835785224213158
0.783991601136169
0.810320414418618
0.758376388994418
0.763967924718929
0.767435233145232
0.768985121582372
0.866560010675863
0.859063011353552
0.865461884097769
0.855236515220527
0.848905372629954
0.854300327203885
0.883205117113301
0.853819498255630
0.888680125054737
0.886125627875452
0.883270264950870
0.869788060326230
0.887667921914373
0.862882683259518
0.870317126979511
0.867494544941719
0.889793418098920
0.912757040591102
0.899872827053869
0.917754451487208
0.901542043461607
0.912272780974965
0.904970355246958
0.920742412533322
0.895773833674525
0.878204828367267
0.860684613031047
0.858590903829434
0.867814292564359
0.898796244255921
0.898169397621450
0.919098700897361
0.913405421385553
0.926775288267583
0.896464209193501
0.876547982217116
0.881697155412348
0.893781753784460
0.923191942314600
0.908454707316389
0.886971760948597
0.853971886559837
0.862460903170300
0.848756456767805
0.871410809029891
0.899954777284847
0.913584593626235
0.892759050195642
0.915966514496150
0.867481202939043
0.854068521525018
0.883639324665564
0.911622461159405
0.919426662522249
0.896995265015105
0.869821803178912
0.852643093143768
0.882674617357103
0.910280745683102
0.870134275243686
0.898525199159182
0.844478999055346
0.877134549603632
0.905306607890296
0.867840348253615
0.899233192838213
0.846039298329757
0.874830474991864
0.902231624261566
0.884423323650614
0.893547274130971
0.916376127506386
0.859379317430026
0.869019140521943
0.891976354177930
0.900462281758307
0.921646792182899
0.867611522820563
0.899499519639331
0.845981716245578
0.857693108459015
0.878741958351971
0.895742985750763
0.910789014641074
0.924952951659050
0.872708611802974
0.902651166794330
0.901611186839197
0.871016172050387
0.858641269050078
0.872936554363467
0.879979183854526
0.907738715141374
0.891902343763433
0.919444113040446
0.898114814117496
0.885288735907205
0.918040255234786
0.906718892917128
0.860060595318055
0.895215807771309
0.867935017573850
0.856875376574360
0.866680268015771
0.871243774990929
0.900859144936617
0.872624543227875
0.902018458518429
0.862732553398809
0.892324917733759
0.872226842028828
0.847820110926020
0.929642519336213
0.943323070804699
0.927628131914071
0.936556893631632
0.930492746435030
0.924965245895951
0.942831697490306
0.938914602278046
0.954057801128057
0.952960903411119
0.954890151797768
0.947626942973718
0.938842466393880
0.947869845908906
0.961367430263246
0.960320094418298
0.965772328627583
0.970947733766070
0.969136295221551
0.961891263771127
0.951229467990701
0.935944049848536
0.929347041003645
0.940724303844124
0.960959204696446
0.970011127652154
0.977096924834017
0.974291178022117
0.982180264073539
0.983591807843605
0.979702320749604
0.971062180570128
0.958302320311535
0.940864719168126
0.935650001206049
0.951414520713902
0.968151430135392
0.978037936187749
0.985286276890656
0.974602026981241
0.960020651692076
0.941707383100413
0.923247563646887
0.933543241518999
0.954324982011390
0.968942071323641
0.981781256843941
0.969882379753111
0.984265008904115
0.950016435331727
0.925826371205878
0.927594301672491
0.950279998139293
0.965724555351161
0.981694643255668
0.965747703283818
0.978468216843078
0.981769557633710
0.962033441358630
0.943537796545626
0.921794004051413
0.927839405047294
0.946689489920009
0.959739753400730
0.969265594707628
0.976916097436537
0.983894771495729
0.966029853616401
0.981660982814834
0.976350587625925
0.968585038030507
0.950266178392565
0.943920113121660
0.938028686569112
0.949669813430118
0.959097371816021
0.964853166112198
0.976983269538000
0.965877332410425
0.980792108789603
0.958659414938473
0.950060801521028
0.928842089720517
0.927471264333334
0.936045453204242
0.944437737648967
0.948431034468187
0.946543741145432
0.935779485071759
0.945129395047986
0.925804222496133
0.925383290510483
0.927659628243305
0.922697555813515
0.984443160907973
0.988427916388929
0.992648458718750
0.991495475630184
0.989983036151056
0.993578155027434
0.997591812423704
0.997947015419625
0.993612846906736
0.992149904982764
0.997667599417120
0.999978425724295
0.997693172714403
0.990535458952691
0.990144399083720
0.996976311824407
0.996915413066192
0.992084270976965
0.990950741977718
0.989148747735052