1
643
651
2563
163
653
643
2584
167
651
653
2580
643
653
651
2586
43
656
644
2592
169
658
656
2599
163
644
658
2566
656
658
644
2602
45
652
657
2582
167
659
652
2603
169
657
659
2596
652
659
657
2605
163
658
653
2598
169
659
658
2604
167
653
659
2585
658
659
653
2608
13
664
645
2617
172
666
664
2623
164
645
666
2568
664
666
645
2625
47
671
665
2639
174
674
671
2652
172
665
674
2621
671
674
665
2655
43
646
670
2569
164
672
646
2642
174
670
672
2636
646
672
670
2644
172
674
666
2651
174
672
674
2643
164
666
672
2622
674
672
666
2656
14
654
667
2588
168
669
654
2631
173
667
669
2627
654
669
667
2633
45
675
655
2657
175
677
675
2666
168
655
677
2591
675
677
655
2669
47
668
676
2629
173
679
668
2675
175
676
679
2662
668
679
676
2677
168
677
669
2665
175
679
677
2676
173
669
679
2632
677
679
669
2680
43
670
656
2635
174
673
670
2648
169
656
673
2593
670
673
656
2650
47
676
671
2661
175
680
676
2682
174
671
680
2640
676
680
671
2685
45
657
675
2595
169
678
657
2670
175
675
678
2658
657
678
675
2672
174
680
673
2681
175
678
680
2671
169
673
678
2647
680
678
673
2686
2
681
647
2687
176
683
681
2693
165
647
683
2572
681
683
647
2695
48
687
682
2703
178
689
687
2712
176
682
689
2691
687
689
682
2715
44
648
686
2573
165
688
648
2706
178
686
688
2701
648
688
686
2708
176
689
683
2711
178
688
689
2707
165
683
688
2692
689
688
683
2716
15
703
684
2761
183
705
703
2767
177
684
705
2697
703
705
684
2769
50
716
704
2813
186
719
716
2828
183
704
719
2765
716
719
704
2831
48
685
715
2698
177
717
685
2817
186
715
717
2810
685
717
715
2819
183
719
705
2827
186
717
719
2818
177
705
717
2766
719
717
705
2832
13
649
699
2575
166
701
649
2753
182
699
701
2748
649
701
699
2755
44
706
650
2770
184
708
706
2778
166
650
708
2578
706
708
650
2781
50
700
707
2751
182
710
700
2786
184
707
710
2775
700
710
707
2788
166
708
701
2777
184
710
708
2787
182
701
710
2754
708
710
701
2791
48
715
687
2809
186
718
715
2823
178
687
718
2704
715
718
687
2826
50
707
716
2774
184
720
707
2833
186
716
720
2814
707
720
716
2835
44
686
706
2700
178
709
686
2782
184
706
709
2771
686
709
706
2784
186
720
718
2834
184
709
720
2783
178
718
709
2822
720
709
718
2836
3
660
690
2609
170
692
660
2722
179
690
692
2718
660
692
690
2724
46
695
661
2730
181
697
695
2737
170
661
697
2612
695
697
661
2740
49
691
696
2720
179
698
691
2741
181
696
698
2734
691
698
696
2743
170
697
692
2736
181
698
697
2742
179
692
698
2723
697
698
692
2746
14
721
662
2839
187
723
721
2846
171
662
723
2614
721
723
662
2848
51
730
722
2871
189
733
730
2884
187
722
733
2844
730
733
722
2887
46
663
729
2615
171
731
663
2874
189
729
731
2868
663
731
729
2876
187
733
723
2883
189
731
733
2875
171
723
731
2845
733
731
723
2888
15
693
725
2726
180
727
693
2859
188
725
727
2854
693
727
725
2861
49
739
694
2911
191
741
739
2920
180
694
741
2729
739
741
694
2923
51
726
740
2857
188
743
726
2929
191
740
743
2916
726
743
740
2931
180
741
727
2919
191
743
741
2930
188
727
743
2860
741
743
727
2934
46
729
695
2867
189
732
729
2880
181
695
732
2731
729
732
695
2882
51
740
730
2915
191
744
740
2936
189
730
744
2872
740
744
730
2939
49
696
739
2733
181
742
696
2924
191
739
742
2912
696
742
739
2926
189
744
732
2935
191
742
744
2925
181
732
742
2879
744
742
732
2940
13
699
664
2747
182
702
699
2758
172
664
702
2618
699
702
664
2760
50
712
700
2795
185
714
712
2804
182
700
714
2752
712
714
700
2807
47
665
711
2620
172
713
665
2798
185
711
713
2793
665
713
711
2800
182
714
702
2803
185
713
714
2799
172
702
713
2757
714
713
702
2808
15
725
703
2853
188
728
725
2864
183
703
728
2762
725
728
703
2866
51
746
726
2945
192
749
746
2960
188
726
749
2858
746
749
726
2963
50
704
745
2764
183
747
704
2949
192
745
747
2942
704
747
745
2951
188
749
728
2959
192
747
749
2950
183
728
747
2863
749
747
728
2964
14
667
721
2626
173
724
667
2849
187
721
724
2840
667
724
721
2851
47
734
668
2889
190
736
734
2897
173
668
736
2630
734
736
668
2900
51
722
735
2843
187
738
722
2905
190
735
738
2894
722
738
735
2907
173
736
724
2896
190
738
736
2906
187
724
738
2850
736
738
724
2910
50
745
712
2941
192
748
745
2955
185
712
748
2796
745
748
712
2958
51
735
746
2893
190
750
735
2965
192
746
750
2946
735
750
746
2967
47
711
734
2792
185
737
711
2901
190
734
737
2890
711
737
734
2903
192
750
748
2966
190
737
750
2902
185
748
737
2954
750
737
748
2968
1
651
751
2579
167
753
651
2976
193
751
753
2972
651
753
751
2978
45
756
652
2984
195
758
756
2991
167
652
758
2583
756
758
652
2994
52
752
757
2974
193
759
752
2995
195
757
759
2988
752
759
757
2997
167
758
753
2990
195
759
758
2996
193
753
759
2977
758
759
753
3000
14
764
654
3009
198
766
764
3015
168
654
766
2589
764
766
654
3017
54
771
765
3031
200
774
771
3044
198
765
774
3013
771
774
765
3047
45
655
770
2590
168
772
655
3034
200
770
772
3028
655
772
770
3036
198
774
766
3043
200
772
774
3035
168
766
772
3014
774
772
766
3048
16
754
767
2980
194
769
754
3023
199
767
769
3019
754
769
767
3025
52
775
755
3049
201
777
775
3058
194
755
777
2983
775
777
755
3061
54
768
776
3021
199
779
768
3067
201
776
779
3054
768
779
776
3069
194
777
769
3057
201
779
777
3068
199
769
779
3024
777
779
769
3072
45
770
756
3027
200
773
770
3040
195
756
773
2985
770
773
756
3042
54
776
771
3053
201
780
776
3074
200
771
780
3032
776
780
771
3077
52
757
775
2987
195
778
757
3062
201
775
778
3050
757
778
775
3064
200
780
773
3073
201
778
780
3063
195
773
778
3039
780
778
773
3078
3
781
660
3079
202
783
781
3085
170
660
783
2610
781
783
660
3087
55
787
782
3095
204
789
787
3104
202
782
789
3083
787
789
782
3107
46
661
786
2611
170
788
661
3098
204
786
788
3093
661
788
786
3100
202
789
783
3103
204
788
789
3099
170
783
788
3084
789
788
783
3108
17
803
784
3153
209
805
803
3159
203
784
805
3089
803
805
784
3161
57
816
804
3205
212
819
816
3220
209
804
819
3157
816
819
804
3223
55
785
815
3090
203
817
785
3209
212
815
817
3202
785
817
815
3211
209
819
805
3219
212
817
819
3210
203
805
817
3158
819
817
805
3224
14
662
799
2613
171
801
662
3145
208
799
801
3140
662
801
799
3147
46
806
663
3162
210
808
806
3170
171
663
808
2616
806
808
663
3173
57
800
807
3143
208
810
800
3178
210
807
810
3167
800
810
807
3180
171
808
801
3169
210
810
808
3179
208
801
810
3146
808
810
801
3183
55
815
787
3201
212
818
815
3215
204
787
818
3096
815
818
787
3218
57
807
816
3166
210
820
807
3225
212
816
820
3206
807
820
816
3227
46
786
806
3092
204
809
786
3174
210
806
809
3163
786
809
806
3176
212
820
818
3226
210
809
820
3175
204
818
809
3214
820
809
818
3228
4
760
790
3001
196
792
760
3114
205
790
792
3110
760
792
790
3116
53
795
761
3122
207
797
795
3129
196
761
797
3004
795
797
761
3132
56
791
796
3112
205
798
791
3133
207
796
798
3126
791
798
796
3135
196
797
792
3128
207
798
797
3134
205
792
798
3115
797
798
792
3138
16
821
762
3231
213
823
821
3238
197
762
823
3006
821
823
762
3240
58
830
822
3263
215
833
830
3276
213
822
833
3236
830
833
822
3279
53
763
829
3007
197
831
763
3266
215
829
831
3260
763
831
829
3268
213
833
823
3275
215
831
833
3267
197
823
831
3237
833
831
823
3280
17
793
825
3118
206
827
793
3251
214
825
827
3246
793
827
825
3253
56
839
794
3303
217
841
839
3312
206
794
841
3121
839
841
794
3315
58
826
840
3249
214
843
826
3321
217
840
843
3308
826
843
840
3323
206
841
827
3311
217
843
841
3322
214
827
843
3252
841
843
827
3326
53
829
795
3259
215
832
829
3272
207
795
832
3123
829
832
795
3274
58
840
830
3307
217
844
840
3328
215
830
844
3264
840
844
830
3331
56
796
839
3125
207
842
796
3316
217
839
842
3304
796
842
839
3318
215
844
832
3327
217
842
844
3317
207
832
842
3271
844
842
832
3332
14
799
764
3139
208
802
799
3150
198
764
802
3010
799
802
764
3152
57
812
800
3187
211
814
812
3196
208
800
814
3144
812
814
800
3199
54
765
811
3012
198
813
765
3190
211
811
813
3185
765
813
811
3192
208
814
802
3195
211
813
814
3191
198
802
813
3149
814
813
802
3200
17
825
803
3245
214
828
825
3256
209
803
828
3154
825
828
803
3258
58
846
826
3337
218
849
846
3352
214
826
849
3250
846
849
826
3355
57
804
845
3156
209
847
804
3341
218
845
847
3334
804
847
845
3343
214
849
828
3351
218
847
849
3342
209
828
847
3255
849
847
828
3356
16
767
821
3018
199
824
767
3241
213
821
824
3232
767
824
821
3243
54
834
768
3281
216
836
834
3289
199
768
836
3022
834
836
768
3292
58
822
835
3235
213
838
822
3297
216
835
838
3286
822
838
835
3299
199
836
824
3288
216
838
836
3298
213
824
838
3242
836
838
824
3302
57
845
812
3333
218
848
845
3347
211
812
848
3188
845
848
812
3350
58
835
846
3285
216
850
835
3357
218
846
850
3338
835
850
846
3359
54
811
834
3184
211
837
811
3293
216
834
837
3282
811
837
834
3295
218
850
848
3358
216
837
850
3294
211
848
837
3346
850
837
848
3360
1
751
851
2971
193
853
751
3368
219
851
853
3364
751
853
851
3370
52
856
752
3376
221
858
856
3383
193
752
858
2975
856
858
752
3386
59
852
857
3366
219
859
852
3387
221
857
859
3380
852
859
857
3389
193
858
853
3382
221
859
858
3388
219
853
859
3369
858
859
853
3392
16
864
754
3401
224
866
864
3407
194
754
866
2981
864
866
754
3409
61
871
865
3423
226
874
871
3436
224
865
874
3405
871
874
865
3439
52
755
870
2982
194
872
755
3426
226
870
872
3420
755
872
870
3428
224
874
866
3435
226
872
874
3427
194
866
872
3406
874
872
866
3440
18
854
867
3372
220
869
854
3415
225
867
869
3411
854
869
867
3417
59
875
855
3441
227
877
875
3450
220
855
877
3375
875
877
855
3453
61
868
876
3413
225
879
868
3459
227
876
879
3446
868
879
876
3461
220
877
869
3449
227
879
877
3460
225
869
879
3416
877
879
869
3464
52
870
856
3419
226
873
870
3432
221
856
873
3377
870
873
856
3434
61
876
871
3445
227
880
876
3466
226
871
880
3424
876
880
871
3469
59
857
875
3379
221
878
857
3454
227
875
878
3442
857
878
875
3456
226
880
873
3465
227
878
880
3455
221
873
878
3431
880
878
873
3470
4
881
760
3471
228
883
881
3477
196
760
883
3002
881
883
760
3479
62
887
882
3487
230
889
887
3496
228
882
889
3475
887
889
882
3499
53
761
886
3003
196
888
761
3490
230
886
888
3485
761
888
886
3492
228
889
883
3495
230
888
889
3491
196
883
888
3476
889
888
883
3500
19
903
884
3545
235
905
903
3551
229
884
905
3481
903
905
884
3553
64
916
904
3597
238
919
916
3612
235
904
919
3549
916
919
904
3615
62
885
915
3482
229
917
885
3601
238
915
917
3594
885
917
915
3603
235
919
905
3611
238
917
919
3602
229
905
917
3550
919
917
905
3616
16
762
899
3005
197
901
762
3537
234
899
901
3532
762
901
899
3539
53
906
763
3554
236
908
906
3562
197
763
908
3008
906
908
763
3565
64
900
907
3535
234
910
900
3570
236
907
910
3559
900
910
907
3572
197
908
901
3561
236
910
908
3571
234
901
910
3538
908
910
901
3575
62
915
887
3593
238
918
915
3607
230
887
918
3488
915
918
887
3610
64
907
916
3558
236
920
907
3617
238
916
920
3598
907
920
916
3619
53
886
906
3484
230
909
886
3566
236
906
909
3555
886
909
906
3568
238
920
918
3618
236
909
920
3567
230
918
909
3606
920
909
918
3620
5
860
890
3393
222
892
860
3506
231
890
892
3502
860
892
890
3508
60
895
861
3514
233
897
895
3521
222
861
897
3396
895
897
861
3524
63
891
896
3504
231
898
891
3525
233
896
898
3518
891
898
896
3527
222
897
892
3520
233
898
897
3526
231
892
898
3507
897
898
892
3530
18
921
862
3623
239
923
921
3630
223
862
923
3398
921
923
862
3632
65
930
922
3655
241
933
930
3668
239
922
933
3628
930
933
922
3671
60
863
929
3399
223
931
863
3658
241
929
931
3652
863
931
929
3660
239
933
923
3667
241
931
933
3659
223
923
931
3629
933
931
923
3672
19
893
925
3510
232
927
893
3643
240
925
927
3638
893
927
925
3645
63
939
894
3695
243
941
939
3704
232
894
941
3513
939
941
894
3707
65
926
940
3641
240
943
926
3713
243
940
943
3700
926
943
940
3715
232
941
927
3703
243
943
941
3714
240
927
943
3644
941
943
927
3718
60
929
895
3651
241
932
929
3664
233
895
932
3515
929
932
895
3666
65
940
930
3699
243
944
940
3720
241
930
944
3656
940
944
930
3723
63
896
939
3517
233
942
896
3708
243
939
942
3696
896
942
939
3710
241
944
932
3719
243
942
944
3709
233
932
942
3663
944
942
932
3724
16
899
864
3531
234
902
899
3542
224
864
902
3402
899
902
864
3544
64
912
900
3579
237
914
912
3588
234
900
914
3536
912
914
900
3591
61
865
911
3404
224
913
865
3582
237
911
913
3577
865
913
911
3584
234
914
902
3587
237
913
914
3583
224
902
913
3541
914
913
902
3592
19
925
903
3637
240
928
925
3648
235
903
928
3546
925
928
903
3650
65
946
926
3729
244
949
946
3744
240
926
949
3642
946
949
926
3747
64
904
945
3548
235
947
904
3733
244
945
947
3726
904
947
945
3735
240
949
928
3743
244
947
949
3734
235
928
947
3647
949
947
928
3748
18
867
921
3410
225
924
867
3633
239
921
924
3624
867
924
921
3635
61
934
868
3673
242
936
934
3681
225
868
936
3414
934
936
868
3684
65
922
935
3627
239
938
922
3689
242
935
938
3678
922
938
935
3691
225
936
924
3680
242
938
936
3690
239
924
938
3634
936
938
924
3694
64
945
912
3725
244
948
945
3739
237
912
948
3580
945
948
912
3742
65
935
946
3677
242
950
935
3749
244
946
950
3730
935
950
946
3751
61
911
934
3576
237
937
911
3685
242
934
937
3674
911
937
934
3687
244
950
948
3750
242
937
950
3686
237
948
937
3738
950
937
948
3752
1
851
951
3363
219
954
851
3765
245
951
954
3756
851
954
951
3767
59
961
852
3790
248
963
961
3797
219
852
963
3367
961
963
852
3800
66
952
962
3759
245
964
952
3801
248
962
964
3794
952
964
962
3803
219
963
954
3796
248
964
963
3802
245
954
964
3766
963
964
954
3806
18
986
854
3885
255
988
986
3891
220
854
988
3373
986
988
854
3893
69
993
987
3907
257
996
993
3920
255
987
996
3889
993
996
987
3923
59
855
992
3374
220
994
855
3910
257
992
994
3904
855
994
992
3912
255
996
988
3919
257
994
996
3911
220
988
994
3890
996
994
988
3924
20
955
989
3769
246
991
955
3899
256
989
991
3895
955
991
989
3901
66
997
956
3925
258
999
997
3934
246
956
999
3772
997
999
956
3937
69
990
998
3897
256
1001
990
3943
258
998
1001
3930
990
1001
998
3945
246
999
991
3933
258
1001
999
3944
256
991
1001
3900
999
1001
991
3948
59
992
961
3903
257
995
992
3916
248
961
995
3791
992
995
961
3918
69
998
993
3929
258
1002
998
3950
257
993
1002
3908
998
1002
993
3953
66
962
997
3793
248
1000
962
3938
258
997
1000
3926
962
1000
997
3940
257
1002
995
3949
258
1000
1002
3939
248
995
1000
3915
1002
1000
995
3954
5
1073
860
4239
276
1075
1073
4245
222
860
1075
3394
1073
1075
860
4247
74
1079
1074
4255
278
1081
1079
4264
276
1074
1081
4243
1079
1081
1074
4267
60
861
1078
3395
222
1080
861
4258
278
1078
1080
4253
861
1080
1078
4260
276
1081
1075
4263
278
1080
1081
4259
222
1075
1080
4244
1081
1080
1075
4268
22
1095
1076
4313
283
1097
1095
4319
277
1076
1097
4249
1095
1097
1076
4321
76
1108
1096
4365
286
1111
1108
4380
283
1096
1111
4317
1108
1111
1096
4383
74
1077
1107
4250
277
1109
1077
4369
286
1107
1109
4362
1077
1109
1107
4371
283
1111
1097
4379
286
1109
1111
4370
277
1097
1109
4318
1111
1109
1097
4384
18
862
1091
3397
223
1093
862
4305
282
1091
1093
4300
862
1093
1091
4307
60
1098
863
4322
284
1100
1098
4330
223
863
1100
3400
1098
1100
863
4333
76
1092
1099
4303
282
1102
1092
4338
284
1099
1102
4327
1092
1102
1099
4340
223
1100
1093
4329
284
1102
1100
4339
282
1093
1102
4306
1100
1102
1093
4343
74
1107
1079
4361
286
1110
1107
4375
278
1079
1110
4256
1107
1110
1079
4378
76
1099
1108
4326
284
1112
1099
4385
286
1108
1112
4366
1099
1112
1108
4387
60
1078
1098
4252
278
1101
1078
4334
284
1098
1101
4323
1078
1101
1098
4336
286
1112
1110
4386
284
1101
1112
4335
278
1110
1101
4374
1112
1101
1110
4388
6
965
1082
3807
249
1084
965
4274
279
1082
1084
4270
965
1084
1082
4276
67
1087
966
4282
281
1089
1087
4289
249
966
1089
3810
1087
1089
966
4292
75
1083
1088
4272
279
1090
1083
4293
281
1088
1090
4286
1083
1090
1088
4295
249
1089
1084
4288
281
1090
1089
4294
279
1084
1090
4275
1089
1090
1084
4298
20
1113
967
4391
287
1115
1113
4398
250
967
1115
3812
1113
1115
967
4400
77
1122
1114
4423
289
1125
1122
4436
287
1114
1125
4396
1122
1125
1114
4439
67
968
1121
3813
250
1123
968
4426
289
1121
1123
4420
968
1123
1121
4428
287
1125
1115
4435
289
1123
1125
4427
250
1115
1123
4397
1125
1123
1115
4440
22
1085
1117
4278
280
1119
1085
4411
288
1117
1119
4406
1085
1119
1117
4413
75
1131
1086
4463
291
1133
1131
4472
280
1086
1133
4281
1131
1133
1086
4475
77
1118
1132
4409
288
1135
1118
4481
291
1132
1135
4468
1118
1135
1132
4483
280
1133
1119
4471
291
1135
1133
4482
288
1119
1135
4412
1133
1135
1119
4486
67
1121
1087
4419
289
1124
1121
4432
281
1087
1124
4283
1121
1124
1087
4434
77
1132
1122
4467
291
1136
1132
4488
289
1122
1136
4424
1132
1136
1122
4491
75
1088
1131
4285
281
1134
1088
4476
291
1131
1134
4464
1088
1134
1131
4478
289
1136
1124
4487
291
1134
1136
4477
281
1124
1134
4431
1136
1134
1124
4492
18
1091
986
4299
282
1094
1091
4310
255
986
1094
3886
1091
1094
986
4312
76
1104
1092
4347
285
1106
1104
4356
282
1092
1106
4304
1104
1106
1092
4359
69
987
1103
3888
255
1105
987
4350
285
1103
1105
4345
987
1105
1103
4352
282
1106
1094
4355
285
1105
1106
4351
255
1094
1105
4309
1106
1105
1094
4360
22
1117
1095
4405
288
1120
1117
4416
283
1095
1120
4314
1117
1120
1095
4418
77
1138
1118
4497
292
1141
1138
4512
288
1118
1141
4410
1138
1141
1118
4515
76
1096
1137
4316
283
1139
1096
4501
292
1137
1139
4494
1096
1139
1137
4503
288
1141
1120
4511
292
1139
1141
4502
283
1120
1139
4415
1141
1139
1120
4516
20
989
1113
3894
256
1116
989
4401
287
1113
1116
4392
989
1116
1113
4403
69
1126
990
4441
290
1128
1126
4449
256
990
1128
3898
1126
1128
990
4452
77
1114
1127
4395
287
1130
1114
4457
290
1127
1130
4446
1114
1130
1127
4459
256
1128
1116
4448
290
1130
1128
4458
287
1116
1130
4402
1128
1130
1116
4462
76
1137
1104
4493
292
1140
1137
4507
285
1104
1140
4348
1137
1140
1104
4510
77
1127
1138
4445
290
1142
1127
4517
292
1138
1142
4498
1127
1142
1138
4519
69
1103
1126
4344
285
1129
1103
4453
290
1126
1129
4442
1103
1129
1126
4455
292
1142
1140
4518
290
1129
1142
4454
285
1140
1129
4506
1142
1129
1140
4520
1
951
643
3755
245
953
951
3762
163
643
953
2564
951
953
643
3764
66
958
952
3776
247
960
958
3785
245
952
960
3760
958
960
952
3788
43
644
957
2565
163
959
644
3779
247
957
959
3774
644
959
957
3781
245
960
953
3784
247
959
960
3780
163
953
959
3761
960
959
953
3789
20
972
955
3824
252
974
972
3830
246
955
974
3770
972
974
955
3832
68
981
973
3859
254
984
981
3874
252
973
984
3828
981
984
973
3877
66
956
980
3771
246
982
956
3863
254
980
982
3856
956
982
980
3865
252
984
974
3873
254
982
984
3864
246
974
982
3829
984
982
974
3878
13
645
969
2567
164
971
645
3820
251
969
971
3816
645
971
969
3822
43
975
646
3833
253
977
975
3841
164
646
977
2570
975
977
646
3844
68
970
976
3818
251
979
970
3849
253
976
979
3838
970
979
976
3851
164
977
971
3840
253
979
977
3850
251
971
979
3821
977
979
971
3854
66
980
958
3855
254
983
980
3869
247
958
983
3777
980
983
958
3872
68
976
981
3837
253
985
976
3879
254
981
985
3860
976
985
981
3881
43
957
975
3773
247
978
957
3845
253
975
978
3834
957
978
975
3847
254
985
983
3880
253
978
985
3846
247
983
978
3868
985
978
983
3882
6
1012
965
3985
262
1014
1012
3991
249
965
1014
3808
1012
1014
965
3993
71
1018
1013
4001
264
1020
1018
4010
262
1013
1020
3989
1018
1020
1013
4013
67
966
1017
3809
249
1019
966
4004
264
1017
1019
3999
966
1019
1017
4006
262
1020
1014
4009
264
1019
1020
4005
249
1014
1019
3990
1020
1019
1014
4014
21
1047
1015
4121
271
1049
1047
4128
263
1015
1049
3995
1047
1049
1015
4130
73
1062
1048
4183
274
1065
1062
4198
271
1048
1065
4126
1062
1065
1048
4201
71
1016
1061
3996
263
1063
1016
4187
274
1061
1063
4180
1016
1063
1061
4189
271
1065
1049
4197
274
1063
1065
4188
263
1049
1063
4127
1065
1063
1049
4202
20
967
1043
3811
250
1045
967
4113
270
1043
1045
4108
967
1045
1043
4115
67
1051
968
4135
272
1053
1051
4143
250
968
1053
3814
1051
1053
968
4146
73
1044
1052
4111
270
1055
1044
4151
272
1052
1055
4140
1044
1055
1052
4153
250
1053
1045
4142
272
1055
1053
4152
270
1045
1055
4114
1053
1055
1045
4156
71
1061
1018
4179
274
1064
1061
4193
264
1018
1064
4002
1061
1064
1018
4196
73
1052
1062
4139
272
1066
1052
4203
274
1062
1066
4184
1052
1066
1062
4205
67
1017
1051
3998
264
1054
1017
4147
272
1051
1054
4136
1017
1054
1051
4149
274
1066
1064
4204
272
1054
1066
4148
264
1064
1054
4192
1066
1054
1064
4206
2
647
1003
2571
165
1005
647
3960
259
1003
1005
3956
647
1005
1003
3962
44
1008
648
3968
261
1010
1008
3975
165
648
1010
2574
1008
1010
648
3978
70
1004
1009
3958
259
1011
1004
3979
261
1009
1011
3972
1004
1011
1009
3981
165
1010
1005
3974
261
1011
1010
3980
259
1005
1011
3961
1010
1011
1005
3984
13
1021
649
4015
265
1023
1021
4022
166
649
1023
2576
1021
1023
649
4024
72
1029
1022
4042
267
1032
1029
4055
265
1022
1032
4020
1029
1032
1022
4058
44
650
1028
2577
166
1030
650
4045
267
1028
1030
4039
650
1030
1028
4047
265
1032
1023
4054
267
1030
1032
4046
166
1023
1030
4021
1032
1030
1023
4059
21
1006
1025
3964
260
1027
1006
4034
266
1025
1027
4030
1006
1027
1025
4036
70
1037
1007
4077
269
1039
1037
4086
260
1007
1039
3967
1037
1039
1007
4089
72
1026
1038
4032
266
1041
1026
4095
269
1038
1041
4082
1026
1041
1038
4097
260
1039
1027
4085
269
1041
1039
4096
266
1027
1041
4035
1039
1041
1027
4100
44
1028
1008
4038
267
1031
1028
4051
261
1008
1031
3969
1028
1031
1008
4053
72
1038
1029
4081
269
1042
1038
4102
267
1029
1042
4043
1038
1042
1029
4105
70
1009
1037
3971
261
1040
1009
4090
269
1037
1040
4078
1009
1040
1037
4092
267
1042
1031
4101
269
1040
1042
4091
261
1031
1040
4050
1042
1040
1031
4106
20
1043
972
4107
270
1046
1043
4118
252
972
1046
3825
1043
1046
972
4120
73
1057
1044
4161
273
1060
1057
4174
270
1044
1060
4112
1057
1060
1044
4177
68
973
1056
3827
252
1058
973
4164
273
1056
1058
4158
973
1058
1056
4166
270
1060
1046
4173
273
1058
1060
4165
252
1046
1058
4117
1060
1058
1046
4178
21
1025
1047
4029
266
1050
1025
4131
271
1047
1050
4122
1025
1050
1047
4133
72
1067
1026
4209
275
1069
1067
4218
266
1026
1069
4033
1067
1069
1026
4221
73
1048
1068
4125
271
1071
1048
4227
275
1068
1071
4214
1048
1071
1068
4229
266
1069
1050
4217
275
1071
1069
4228
271
1050
1071
4132
1069
1071
1050
4232
13
969
1021
3815
251
1024
969
4025
265
1021
1024
4016
969
1024
1021
4027
68
1033
970
4060
268
1035
1033
4067
251
970
1035
3819
1033
1035
970
4070
72
1022
1034
4019
265
1036
1022
4071
268
1034
1036
4064
1022
1036
1034
4073
251
1035
1024
4066
268
1036
1035
4072
265
1024
1036
4026
1035
1036
1024
4076
73
1068
1057
4213
275
1072
1068
4234
273
1057
1072
4162
1068
1072
1057
4237
72
1034
1067
4063
268
1070
1034
4222
275
1067
1070
4210
1034
1070
1067
4224
68
1056
1033
4157
273
1059
1056
4170
268
1033
1059
4061
1056
1059
1033
4172
275
1070
1072
4223
268
1059
1070
4169
273
1072
1059
4233
1070
1059
1072
4225
7
2247
1941
8939
569
2250
2247
8950
494
1941
2250
7704
2247
2250
1941
8952
147
2258
2248
8977
572
2260
2258
8986
569
2248
2260
8944
2258
2260
2248
8989
129
1942
2257
7706
494
2259
1942
8980
572
2257
2259
8975
1942
2259
2257
8982
569
2260
2250
8985
572
2259
2260
8981
494
2250
2259
8949
2260
2259
2250
8990
40
2285
2251
9078
580
2287
2285
9084
570
2251
2287
8954
2285
2287
2251
9086
150
2294
2286
9113
582
2297
2294
9128
580
2286
2297
9082
2294
2297
2286
9131
147
2252
2293
8955
570
2295
2252
9117
582
2293
2295
9110
2252
2295
2293
9119
580
2297
2287
9127
582
2295
2297
9118
570
2287
2295
9083
2297
2295
2287
9132
36
1944
2282
7712
495
2284
1944
9074
579
2282
2284
9070
1944
2284
2282
9076
129
2288
1945
9087
581
2290
2288
9095
495
1945
2290
7715
2288
2290
1945
9098
150
2283
2289
9072
579
2292
2283
9103
581
2289
2292
9092
2283
2292
2289
9105
495
2290
2284
9094
581
2292
2290
9104
579
2284
2292
9075
2290
2292
2284
9108
147
2293
2258
9109
582
2296
2293
9123
572
2258
2296
8978
2293
2296
2258
9126
150
2289
2294
9091
581
2298
2289
9133
582
2294
2298
9114
2289
2298
2294
9135
129
2257
2288
8974
572
2291
2257
9099
581
2288
2291
9088
2257
2291
2288
9101
582
2298
2296
9134
581
2291
2298
9100
572
2296
2291
9122
2298
2291
2296
9136
12
2445
2261
9743
617
2448
2445
9754
573
2261
2448
8992
2445
2448
2261
9756
158
2456
2446
9781
620
2458
2456
9790
617
2446
2458
9748
2456
2458
2446
9793
148
2262
2455
8993
573
2457
2262
9784
620
2455
2457
9779
2262
2457
2455
9786
617
2458
2448
9789
620
2457
2458
9785
573
2448
2457
9753
2458
2457
2448
9794
42
2537
2449
10125
638
2539
2537
10132
618
2449
2539
9758
2537
2539
2449
10134
162
2552
2538
10187
641
2555
2552
10202
638
2538
2555
10130
2552
2555
2538
10205
158
2450
2551
9759
618
2553
2450
10191
641
2551
2553
10184
2450
2553
2551
10193
638
2555
2539
10201
641
2553
2555
10192
618
2539
2553
10131
2555
2553
2539
10206
40
2263
2533
8995
574
2535
2263
10117
637
2533
2535
10112
2263
2535
2533
10119
148
2541
2264
10139
639
2543
2541
10147
574
2264
2543
8998
2541
2543
2264
10150
162
2534
2542
10115
637
2545
2534
10155
639
2542
2545
10144
2534
2545
2542
10157
574
2543
2535
10146
639
2545
2543
10156
637
2535
2545
10118
2543
2545
2535
10160
158
2551
2456
10183
641
2554
2551
10197
620
2456
2554
9782
2551
2554
2456
10200
162
2542
2552
10143
639
2556
2542
10207
641
2552
2556
10188
2542
2556
2552
10209
148
2455
2541
9778
620
2544
2455
10151
639
2541
2544
10140
2455
2544
2541
10153
641
2556
2554
10208
639
2544
2556
10152
620
2554
2544
10196
2556
2544
2554
10210
11
1950
2431
7733
497
2434
1950
9701
613
2431
2434
9692
1950
2434
2431
9703
130
2441
1951
9726
616
2443
2441
9733
497
1951
2443
7736
2441
2443
1951
9736
157
2432
2442
9695
613
2444
2432
9737
616
2442
2444
9730
2432
2444
2442
9739
497
2443
2434
9732
616
2444
2443
9738
613
2434
2444
9702
2443
2444
2434
9742
36
2481
1952
9887
626
2483
2481
9894
498
1952
2483
7738
2481
2483
1952
9896
160
2489
2482
9914
628
2492
2489
9927
626
2482
2492
9892
2489
2492
2482
9930
130
1953
2488
7739
498
2490
1953
9917
628
2488
2490
9911
1953
2490
2488
9919
626
2492
2483
9926
628
2490
2492
9918
498
2483
2490
9893
2492
2490
2483
9931
42
2435
2485
9705
614
2487
2435
9906
627
2485
2487
9902
2435
2487
2485
9908
157
2497
2436
9949
630
2499
2497
9958
614
2436
2499
9708
2497
2499
2436
9961
160
2486
2498
9904
627
2501
2486
9967
630
2498
2501
9954
2486
2501
2498
9969
614
2499
2487
9957
630
2501
2499
9968
627
2487
2501
9907
2499
2501
2487
9972
130
2488
2441
9910
628
2491
2488
9923
616
2441
2491
9727
2488
2491
2441
9925
160
2498
2489
9953
630
2502
2498
9974
628
2489
2502
9915
2498
2502
2489
9977
157
2442
2497
9729
616
2500
2442
9962
630
2497
2500
9950
2442
2500
2497
9964
628
2502
2491
9973
630
2500
2502
9963
616
2491
2500
9922
2502
2500
2491
9978
40
2533
2285
10111
637
2536
2533
10122
580
2285
2536
9079
2533
2536
2285
10124
162
2547
2534
10165
640
2550
2547
10178
637
2534
2550
10116
2547
2550
2534
10181
150
2286
2546
9081
580
2548
2286
10168
640
2546
2548
10162
2286
2548
2546
10170
637
2550
2536
10177
640
2548
2550
10169
580
2536
2548
10121
2550
2548
2536
10182
42
2485
2537
9901
627
2540
2485
10135
638
2537
2540
10126
2485
2540
2537
10137
160
2557
2486
10213
642
2559
2557
10222
627
2486
2559
9905
2557
2559
2486
10225
162
2538
2558
10129
638
2561
2538
10231
642
2558
2561
10218
2538
2561
2558
10233
627
2559
2540
10221
642
2561
2559
10232
638
2540
2561
10136
2559
2561
2540
10236
36
2282
2481
9069
579
2484
2282
9897
626
2481
2484
9888
2282
2484
2481
9899
150
2493
2283
9932
629
2495
2493
9939
579
2283
2495
9073
2493
2495
2283
9942
160
2482
2494
9891
626
2496
2482
9943
629
2494
2496
9936
2482
2496
2494
9945
579
2495
2484
9938
629
2496
2495
9944
626
2484
2496
9898
2495
2496
2484
9948
162
2558
2547
10217
642
2562
2558
10238
640
2547
2562
10166
2558
2562
2547
10241
160
2494
2557
9935
629
2560
2494
10226
642
2557
2560
10214
2494
2560
2557
10228
150
2546
2493
10161
640
2549
2546
10174
629
2493
2549
9933
2546
2549
2493
10176
642
2560
2562
10227
629
2549
2560
10173
640
2562
2549
10237
2560
2549
2562
10229
7
1941
1657
7703
494
1943
1941
7709
424
1657
1943
6560
1941
1943
1657
7711
129
1947
1942
7719
496
1949
1947
7728
494
1942
1949
7707
1947
1949
1942
7731
112
1658
1946
6562
424
1948
1658
7722
496
1946
1948
7717
1658
1948
1946
7724
494
1949
1943
7727
496
1948
1949
7723
424
1943
1948
7708
1949
1948
1943
7732
36
1957
1944
7750
500
1959
1957
7756
495
1944
1959
7713
1957
1959
1944
7758
131
1966
1958
7785
502
1969
1966
7800
500
1958
1969
7754
1966
1969
1958
7803
129
1945
1965
7714
495
1967
1945
7789
502
1965
1967
7782
1945
1967
1965
7791
500
1969
1959
7799
502
1967
1969
7790
495
1959
1967
7755
1969
1967
1959
7804
32
1660
1954
6568
425
1956
1660
7746
499
1954
1956
7742
1660
1956
1954
7748
112
1960
1661
7759
501
1962
1960
7767
425
1661
1962
6571
1960
1962
1661
7770
131
1955
1961
7744
499
1964
1955
7775
501
1961
1964
7764
1955
1964
1961
7777
425
1962
1956
7766
501
1964
1962
7776
499
1956
1964
7747
1962
1964
1956
7780
129
1965
1947
7781
502
1968
1965
7795
496
1947
1968
7720
1965
1968
1947
7798
131
1961
1966
7763
501
1970
1961
7805
502
1966
1970
7786
1961
1970
1966
7807
112
1946
1960
7716
496
1963
1946
7771
501
1960
1963
7760
1946
1963
1960
7773
502
1970
1968
7806
501
1963
1970
7772
496
1968
1963
7794
1970
1963
1968
7808
11
1985
1950
7863
507
1988
1985
7874
497
1950
1988
7734
1985
1988
1950
7876
133
1996
1986
7901
510
1998
1996
7910
507
1986
1998
7868
1996
1998
1986
7913
130
1951
1995
7735
497
1997
1951
7904
510
1995
1997
7899
1951
1997
1995
7906
507
1998
1988
7909
510
1997
1998
7905
497
1988
1997
7873
1998
1997
1988
7914
37
2077
1989
8245
528
2079
2077
8252
508
1989
2079
7878
2077
2079
1989
8254
137
2092
2078
8307
531
2095
2092
8322
528
2078
2095
8250
2092
2095
2078
8325
133
1990
2091
7879
508
2093
1990
8311
531
2091
2093
8304
1990
2093
2091
8313
528
2095
2079
8321
531
2093
2095
8312
508
2079
2093
8251
2095
2093
2079
8326
36
1952
2073
7737
498
2075
1952
8237
527
2073
2075
8232
1952
2075
2073
8239
130
2081
1953
8259
529
2083
2081
8267
498
1953
2083
7740
2081
2083
1953
8270
137
2074
2082
8235
527
2085
2074
8275
529
2082
2085
8264
2074
2085
2082
8277
498
2083
2075
8266
529
2085
2083
8276
527
2075
2085
8238
2083
2085
2075
8280
133
2091
1996
8303
531
2094
2091
8317
510
1996
2094
7902
2091
2094
1996
8320
137
2082
2092
8263
529
2096
2082
8327
531
2092
2096
8308
2082
2096
2092
8329
130
1995
2081
7898
510
2084
1995
8271
529
2081
2084
8260
1995
2084
2081
8273
531
2096
2094
8328
529
2084
2096
8272
510
2094
2084
8316
2096
2084
2094
8330
10
1666
1971
6589
427
1974
1666
7821
503
1971
1974
7812
1666
1974
1971
7823
113
1981
1667
7846
506
1983
1981
7853
427
1667
1983
6592
1981
1983
1667
7856
132
1972
1982
7815
503
1984
1972
7857
506
1982
1984
7850
1972
1984
1982
7859
427
1983
1974
7852
506
1984
1983
7858
503
1974
1984
7822
1983
1984
1974
7862
32
2021
1668
8007
516
2023
2021
8014
428
1668
2023
6594
2021
2023
1668
8016
135
2029
2022
8034
518
2032
2029
8047
516
2022
2032
8012
2029
2032
2022
8050
113
1669
2028
6595
428
2030
1669
8037
518
2028
2030
8031
1669
2030
2028
8039
516
2032
2023
8046
518
2030
2032
8038
428
2023
2030
8013
2032
2030
2023
8051
37
1975
2025
7825
504
2027
1975
8026
517
2025
2027
8022
1975
2027
2025
8028
132
2037
1976
8069
520
2039
2037
8078
504
1976
2039
7828
2037
2039
1976
8081
135
2026
2038
8024
517
2041
2026
8087
520
2038
2041
8074
2026
2041
2038
8089
504
2039
2027
8077
520
2041
2039
8088
517
2027
2041
8027
2039
2041
2027
8092
113
2028
1981
8030
518
2031
2028
8043
506
1981
2031
7847
2028
2031
1981
8045
135
2038
2029
8073
520
2042
2038
8094
518
2029
2042
8035
2038
2042
2029
8097
132
1982
2037
7849
506
2040
1982
8082
520
2037
2040
8070
1982
2040
2037
8084
518
2042
2031
8093
520
2040
2042
8083
506
2031
2040
8042
2042
2040
2031
8098
36
2073
1957
8231
527
2076
2073
8242
500
1957
2076
7751
2073
2076
1957
8244
137
2087
2074
8285
530
2090
2087
8298
527
2074
2090
8236
2087
2090
2074
8301
131
1958
2086
7753
500
2088
1958
8288
530
2086
2088
8282
1958
2088
2086
8290
527
2090
2076
8297
530
2088
2090
8289
500
2076
2088
8241
2090
2088
2076
8302
37
2025
2077
8021
517
2080
2025
8255
528
2077
2080
8246
2025
2080
2077
8257
135
2097
2026
8333
532
2099
2097
8342
517
2026
2099
8025
2097
2099
2026
8345
137
2078
2098
8249
528
2101
2078
8351
532
2098
2101
8338
2078
2101
2098
8353
517
2099
2080
8341
532
2101
2099
8352
528
2080
2101
8256
2099
2101
2080
8356
32
1954
2021
7741
499
2024
1954
8017
516
2021
2024
8008
1954
2024
2021
8019
131
2033
1955
8052
519
2035
2033
8059
499
1955
2035
7745
2033
2035
1955
8062
135
2022
2034
8011
516
2036
2022
8063
519
2034
2036
8056
2022
2036
2034
8065
499
2035
2024
8058
519
2036
2035
8064
516
2024
2036
8018
2035
2036
2024
8068
137
2098
2087
8337
532
2102
2098
8358
530
2087
2102
8286
2098
2102
2087
8361
135
2034
2097
8055
519
2100
2034
8346
532
2097
2100
8334
2034
2100
2097
8348
131
2086
2033
8281
530
2089
2086
8294
519
2033
2089
8053
2086
2089
2033
8296
532
2100
2102
8347
519
2089
2100
8293
530
2102
2089
8357
2100
2089
2102
8349
7
1657
1373
6559
424
1659
1657
6565
354
1373
1659
5416
1657
1659
1373
6567
112
1663
1658
6575
426
1665
1663
6584
424
1658
1665
6563
1663
1665
1658
6587
95
1374
1662
5418
354
1664
1374
6578
426
1662
1664
6573
1374
1664
1662
6580
424
1665
1659
6583
426
1664
1665
6579
354
1659
1664
6564
1665
1664
1659
6588
32
1673
1660
6606
430
1675
1673
6612
425
1660
1675
6569
1673
1675
1660
6614
114
1682
1674
6641
432
1685
1682
6656
430
1674
1685
6610
1682
1685
1674
6659
112
1661
1681
6570
425
1683
1661
6645
432
1681
1683
6638
1661
1683
1681
6647
430
1685
1675
6655
432
1683
1685
6646
425
1675
1683
6611
1685
1683
1675
6660
28
1376
1670
5424
355
1672
1376
6602
429
1670
1672
6598
1376
1672
1670
6604
95
1676
1377
6615
431
1678
1676
6623
355
1377
1678
5427
1676
1678
1377
6626
114
1671
1677
6600
429
1680
1671
6631
431
1677
1680
6620
1671
1680
1677
6633
355
1678
1672
6622
431
1680
1678
6632
429
1672
1680
6603
1678
1680
1672
6636
112
1681
1663
6637
432
1684
1681
6651
426
1663
1684
6576
1681
1684
1663
6654
114
1677
1682
6619
431
1686
1677
6661
432
1682
1686
6642
1677
1686
1682
6663
95
1662
1676
6572
426
1679
1662
6627
431
1676
1679
6616
1662
1679
1676
6629
432
1686
1684
6662
431
1679
1686
6628
426
1684
1679
6650
1686
1679
1684
6664
10
1701
1666
6719
437
1704
1701
6730
427
1666
1704
6590
1701
1704
1666
6732
116
1712
1702
6757
440
1714
1712
6766
437
1702
1714
6724
1712
1714
1702
6769
113
1667
1711
6591
427
1713
1667
6760
440
1711
1713
6755
1667
1713
1711
6762
437
1714
1704
6765
440
1713
1714
6761
427
1704
1713
6729
1714
1713
1704
6770
33
1793
1705
7101
458
1795
1793
7108
438
1705
1795
6734
1793
1795
1705
7110
120
1808
1794
7163
461
1811
1808
7178
458
1794
1811
7106
1808
1811
1794
7181
116
1706
1807
6735
438
1809
1706
7167
461
1807
1809
7160
1706
1809
1807
7169
458
1811
1795
7177
461
1809
1811
7168
438
1795
1809
7107
1811
1809
1795
7182
32
1668
1789
6593
428
1791
1668
7093
457
1789
1791
7088
1668
1791
1789
7095
113
1797
1669
7115
459
1799
1797
7123
428
1669
1799
6596
1797
1799
1669
7126
120
1790
1798
7091
457
1801
1790
7131
459
1798
1801
7120
1790
1801
1798
7133
428
1799
1791
7122
459
1801
1799
7132
457
1791
1801
7094
1799
1801
1791
7136
116
1807
1712
7159
461
1810
1807
7173
440
1712
1810
6758
1807
1810
1712
7176
120
1798
1808
7119
459
1812
1798
7183
461
1808
1812
7164
1798
1812
1808
7185
113
1711
1797
6754
440
1800
1711
7127
459
1797
1800
7116
1711
1800
1797
7129
461
1812
1810
7184
459
1800
1812
7128
440
1810
1800
7172
1812
1800
1810
7186
9
1382
1687
5445
357
1690
1382
6677
433
1687
1690
6668
1382
1690
1687
6679
96
1697
1383
6702
436
1699
1697
6709
357
1383
1699
5448
1697
1699
1383
6712
115
1688
1698
6671
433
1700
1688
6713
436
1698
1700
6706
1688
1700
1698
6715
357
1699
1690
6708
436
1700
1699
6714
433
1690
1700
6678
1699
1700
1690
6718
28
1737
1384
6863
446
1739
1737
6870
358
1384
1739
5450
1737
1739
1384
6872
118
1745
1738
6890
448
1748
1745
6903
446
1738
1748
6868
1745
1748
1738
6906
96
1385
1744
5451
358
1746
1385
6893
448
1744
1746
6887
1385
1746
1744
6895
446
1748
1739
6902
448
1746
1748
6894
358
1739
1746
6869
1748
1746
1739
6907
33
1691
1741
6681
434
1743
1691
6882
447
1741
1743
6878
1691
1743
1741
6884
115
1753
1692
6925
450
1755
1753
6934
434
1692
1755
6684
1753
1755
1692
6937
118
1742
1754
6880
447
1757
1742
6943
450
1754
1757
6930
1742
1757
1754
6945
434
1755
1743
6933
450
1757
1755
6944
447
1743
1757
6883
1755
1757
1743
6948
96
1744
1697
6886
448
1747
1744
6899
436
1697
1747
6703
1744
1747
1697
6901
118
1754
1745
6929
450
1758
1754
6950
448
1745
1758
6891
1754
1758
1745
6953
115
1698
1753
6705
436
1756
1698
6938
450
1753
1756
6926
1698
1756
1753
6940
448
1758
1747
6949
450
1756
1758
6939
436
1747
1756
6898
1758
1756
1747
6954
32
1789
1673
7087
457
1792
1789
7098
430
1673
1792
6607
1789
1792
1673
7100
120
1803
1790
7141
460
1806
1803
7154
457
1790
1806
7092
1803
1806
1790
7157
114
1674
1802
6609
430
1804
1674
7144
460
1802
1804
7138
1674
1804
1802
7146
457
1806
1792
7153
460
1804
1806
7145
430
1792
1804
7097
1806
1804
1792
7158
33
1741
1793
6877
447
1796
1741
7111
458
1793
1796
7102
1741
1796
1793
7113
118
1813
1742
7189
462
1815
1813
7198
447
1742
1815
6881
1813
1815
1742
7201
120
1794
1814
7105
458
1817
1794
7207
462
1814
1817
7194
1794
1817
1814
7209
447
1815
1796
7197
462
1817
1815
7208
458
1796
1817
7112
1815
1817
1796
7212
28
1670
1737
6597
429
1740
1670
6873
446
1737
1740
6864
1670
1740
1737
6875
114
1749
1671
6908
449
1751
1749
6915
429
1671
1751
6601
1749
1751
1671
6918
118
1738
1750
6867
446
1752
1738
6919
449
1750
1752
6912
1738
1752
1750
6921
429
1751
1740
6914
449
1752
1751
6920
446
1740
1752
6874
1751
1752
1740
6924
120
1814
1803
7193
462
1818
1814
7214
460
1803
1818
7142
1814
1818
1803
7217
118
1750
1813
6911
449
1816
1750
7202
462
1813
1816
7190
1750
1816
1813
7204
114
1802
1749
7137
460
1805
1802
7150
449
1749
1805
6909
1802
1805
1749
7152
462
1816
1818
7203
449
1805
1816
7149
460
1818
1805
7213
1816
1805
1818
7205
7
1373
1243
5415
354
1375
1373
5421
319
1243
1375
4916
1373
1375
1243
5423
95
1379
1374
5431
356
1381
1379
5440
354
1374
1381
5419
1379
1381
1374
5443
85
1244
1378
4917
319
1380
1244
5434
356
1378
1380
5429
1244
1380
1378
5436
354
1381
1375
5439
356
1380
1381
5435
319
1375
1380
5420
1381
1380
1375
5444
28
1389
1376
5462
360
1391
1389
5468
355
1376
1391
5425
1389
1391
1376
5470
97
1398
1390
5497
362
1401
1398
5512
360
1390
1401
5466
1398
1401
1390
5515
95
1377
1397
5426
355
1399
1377
5501
362
1397
1399
5494
1377
1399
1397
5503
360
1401
1391
5511
362
1399
1401
5502
355
1391
1399
5467
1401
1399
1391
5516
25
1245
1386
4919
320
1388
1245
5458
359
1386
1388
5454
1245
1388
1386
5460
85
1392
1246
5471
361
1394
1392
5479
320
1246
1394
4922
1392
1394
1246
5482
97
1387
1393
5456
359
1396
1387
5487
361
1393
1396
5476
1387
1396
1393
5489
320
1394
1388
5478
361
1396
1394
5488
359
1388
1396
5459
1394
1396
1388
5492
95
1397
1379
5493
362
1400
1397
5507
356
1379
1400
5432
1397
1400
1379
5510
97
1393
1398
5475
361
1402
1393
5517
362
1398
1402
5498
1393
1402
1398
5519
85
1378
1392
5428
356
1395
1378
5483
361
1392
1395
5472
1378
1395
1392
5485
362
1402
1400
5518
361
1395
1402
5484
356
1400
1395
5506
1402
1395
1400
5520
9
1417
1382
5575
367
1420
1417
5586
357
1382
1420
5446
1417
1420
1382
5588
99
1428
1418
5613
370
1430
1428
5622
367
1418
1430
5580
1428
1430
1418
5625
96
1383
1427
5447
357
1429
1383
5616
370
1427
1429
5611
1383
1429
1427
5618
367
1430
1420
5621
370
1429
1430
5617
357
1420
1429
5585
1430
1429
1420
5626
29
1509
1421
5957
388
1511
1509
5964
368
1421
1511
5590
1509
1511
1421
5966
103
1524
1510
6019
391
1527
1524
6034
388
1510
1527
5962
1524
1527
1510
6037
99
1422
1523
5591
368
1525
1422
6023
391
1523
1525
6016
1422
1525
1523
6025
388
1527
1511
6033
391
1525
1527
6024
368
1511
1525
5963
1527
1525
1511
6038
28
1384
1505
5449
358
1507
1384
5949
387
1505
1507
5944
1384
1507
1505
5951
96
1513
1385
5971
389
1515
1513
5979
358
1385
1515
5452
1513
1515
1385
5982
103
1506
1514
5947
387
1517
1506
5987
389
1514
1517
5976
1506
1517
1514
5989
358
1515
1507
5978
389
1517
1515
5988
387
1507
1517
5950
1515
1517
1507
5992
99
1523
1428
6015
391
1526
1523
6029
370
1428
1526
5614
1523
1526
1428
6032
103
1514
1524
5975
389
1528
1514
6039
391
1524
1528
6020
1514
1528
1524
6041
96
1427
1513
5610
370
1516
1427
5983
389
1513
1516
5972
1427
1516
1513
5985
391
1528
1526
6040
389
1516
1528
5984
370
1526
1516
6028
1528
1516
1526
6042
8
1247
1403
4923
321
1406
1247
5533
363
1403
1406
5524
1247
1406
1403
5535
86
1413
1248
5558
366
1415
1413
5565
321
1248
1415
4926
1413
1415
1248
5568
98
1404
1414
5527
363
1416
1404
5569
366
1414
1416
5562
1404
1416
1414
5571
321
1415
1406
5564
366
1416
1415
5570
363
1406
1416
5534
1415
1416
1406
5574
25
1453
1249
5719
376
1455
1453
5726
322
1249
1455
4928
1453
1455
1249
5728
101
1461
1454
5746
378
1464
1461
5759
376
1454
1464
5724
1461
1464
1454
5762
86
1250
1460
4929
322
1462
1250
5749
378
1460
1462
5743
1250
1462
1460
5751
376
1464
1455
5758
378
1462
1464
5750
322
1455
1462
5725
1464
1462
1455
5763
29
1407
1457
5537
364
1459
1407
5738
377
1457
1459
5734
1407
1459
1457
5740
98
1469
1408
5781
380
1471
1469
5790
364
1408
1471
5540
1469
1471
1408
5793
101
1458
1470
5736
377
1473
1458
5799
380
1470
1473
5786
1458
1473
1470
5801
364
1471
1459
5789
380
1473
1471
5800
377
1459
1473
5739
1471
1473
1459
5804
86
1460
1413
5742
378
1463
1460
5755
366
1413
1463
5559
1460
1463
1413
5757
101
1470
1461
5785
380
1474
1470
5806
378
1461
1474
5747
1470
1474
1461
5809
98
1414
1469
5561
366
1472
1414
5794
380
1469
1472
5782
1414
1472
1469
5796
378
1474
1463
5805
380
1472
1474
5795
366
1463
1472
5754
1474
1472
1463
5810
28
1505
1389
5943
387
1508
1505
5954
360
1389
1508
5463
1505
1508
1389
5956
103
1519
1506
5997
390
1522
1519
6010
387
1506
1522
5948
1519
1522
1506
6013
97
1390
1518
5465
360
1520
1390
6000
390
1518
1520
5994
1390
1520
1518
6002
387
1522
1508
6009
390
1520
1522
6001
360
1508
1520
5953
1522
1520
1508
6014
29
1457
1509
5733
377
1512
1457
5967
388
1509
1512
5958
1457
1512
1509
5969
101
1529
1458
6045
392
1531
1529
6054
377
1458
1531
5737
1529
1531
1458
6057
103
1510
1530
5961
388
1533
1510
6063
392
1530
1533
6050
1510
1533
1530
6065
377
1531
1512
6053
392
1533
1531
6064
388
1512
1533
5968
1531
1533
1512
6068
25
1386
1453
5453
359
1456
1386
5729
376
1453
1456
5720
1386
1456
1453
5731
97
1465
1387
5764
379
1467
1465
5771
359
1387
1467
5457
1465
1467
1387
5774
101
1454
1466
5723
376
1468
1454
5775
379
1466
1468
5768
1454
1468
1466
5777
359
1467
1456
5770
379
1468
1467
5776
376
1456
1468
5730
1467
1468
1456
5780
103
1530
1519
6049
392
1534
1530
6070
390
1519
1534
5998
1530
1534
1519
6073
101
1466
1529
5767
379
1532
1466
6058
392
1529
1532
6046
1466
1532
1529
6060
97
1518
1465
5993
390
1521
1518
6006
379
1465
1521
5765
1518
1521
1465
6008
392
1532
1534
6059
379
1521
1532
6005
390
1534
1521
6069
1532
1521
1534
6061
7
1243
2247
4915
319
2249
1243
8945
569
2247
2249
8940
1243
2249
2247
8947
85
2253
1244
8957
571
2255
2253
8964
319
1244
2255
4918
2253
2255
1244
8967
147
2248
2254
8943
569
2256
2248
8968
571
2254
2256
8961
2248
2256
2254
8970
319
2255
2249
8963
571
2256
2255
8969
569
2249
2256
8946
2255
2256
2249
8973
25
2265
1245
8999
575
2267
2265
9005
320
1245
2267
4920
2265
2267
1245
9007
149
2272
2266
9021
577
2275
2272
9034
575
2266
2275
9003
2272
2275
2266
9037
85
1246
2271
4921
320
2273
1246
9024
577
2271
2273
9018
1246
2273
2271
9026
575
2275
2267
9033
577
2273
2275
9025
320
2267
2273
9004
2275
2273
2267
9038
40
2251
2268
8953
570
2270
2251
9013
576
2268
2270
9009
2251
2270
2268
9015
147
2276
2252
9039
578
2278
2276
9048
570
2252
2278
8956
2276
2278
2252
9051
149
2269
2277
9011
576
2280
2269
9057
578
2277
2280
9044
2269
2280
2277
9059
570
2278
2270
9047
578
2280
2278
9058
576
2270
2280
9014
2278
2280
2270
9062
85
2271
2253
9017
577
2274
2271
9030
571
2253
2274
8958
2271
2274
2253
9032
149
2277
2272
9043
578
2281
2277
9064
577
2272
2281
9022
2277
2281
2272
9067
147
2254
2276
8960
571
2279
2254
9052
578
2276
2279
9040
2254
2279
2276
9054
577
2281
2274
9063
578
2279
2281
9053
571
2274
2279
9029
2281
2279
2274
9068
8
2299
1247
9139
583
2302
2299
9150
321
1247
2302
4924
2299
2302
1247
9152
151
2310
2300
9177
586
2312
2310
9186
583
2300
2312
9144
2310
2312
2300
9189
86
1248
2309
4925
321
2311
1248
9180
586
2309
2311
9175
1248
2311
2309
9182
583
2312
2302
9185
586
2311
2312
9181
321
2302
2311
9149
2312
2311
2302
9190
41
2353
2303
9349
597
2355
2353
9355
584
2303
2355
9154
2353
2355
2303
9357
154
2366
2354
9401
600
2369
2366
9416
597
2354
2369
9353
2366
2369
2354
9419
151
2304
2365
9155
584
2367
2304
9405
600
2365
2367
9398
2304
2367
2365
9407
597
2369
2355
9415
600
2367
2369
9406
584
2355
2367
9354
2369
2367
2355
9420
25
1249
2349
4927
322
2351
1249
9341
596
2349
2351
9336
1249
2351
2349
9343
86
2356
1250
9358
598
2358
2356
9366
322
1250
2358
4930
2356
2358
1250
9369
154
2350
2357
9339
596
2360
2350
9374
598
2357
2360
9363
2350
2360
2357
9376
322
2358
2351
9365
598
2360
2358
9375
596
2351
2360
9342
2358
2360
2351
9379
151
2365
2310
9397
600
2368
2365
9411
586
2310
2368
9178
2365
2368
2310
9414
154
2357
2366
9362
598
2370
2357
9421
600
2366
2370
9402
2357
2370
2366
9423
86
2309
2356
9174
586
2359
2309
9370
598
2356
2359
9359
2309
2359
2356
9372
600
2370
2368
9422
598
2359
2370
9371
586
2368
2359
9410
2370
2359
2368
9424
12
2261
2313
8991
573
2316
2261
9201
587
2313
2316
9192
2261
2316
2313
9203
148
2323
2262
9226
590
2325
2323
9233
573
2262
2325
8994
2323
2325
2262
9236
152
2314
2324
9195
587
2326
2314
9237
590
2324
2326
9230
2314
2326
2324
9239
573
2325
2316
9232
590
2326
2325
9238
587
2316
2326
9202
2325
2326
2316
9242
40
2401
2263
9559
607
2403
2401
9566
574
2263
2403
8996
2401
2403
2263
9568
156
2410
2402
9591
609
2413
2410
9604
607
2402
2413
9564
2410
2413
2402
9607
148
2264
2409
8997
574
2411
2264
9594
609
2409
2411
9588
2264
2411
2409
9596
607
2413
2403
9603
609
2411
2413
9595
574
2403
2411
9565
2413
2411
2403
9608
41
2317
2405
9205
588
2407
2317
9579
608
2405
2407
9574
2317
2407
2405
9581
152
2419
2318
9631
611
2421
2419
9640
588
2318
2421
9208
2419
2421
2318
9643
156
2406
2420
9577
608
2423
2406
9649
611
2420
2423
9636
2406
2423
2420
9651
588
2421
2407
9639
611
2423
2421
9650
608
2407
2423
9580
2421
2423
2407
9654
148
2409
2323
9587
609
2412
2409
9600
590
2323
2412
9227
2409
2412
2323
9602
156
2420
2410
9635
611
2424
2420
9656
609
2410
2424
9592
2420
2424
2410
9659
152
2324
2419
9229
590
2422
2324
9644
611
2419
2422
9632
2324
2422
2419
9646
609
2424
2412
9655
611
2422
2424
9645
590
2412
2422
9599
2424
2422
2412
9660
25
2349
2265
9335
596
2352
2349
9346
575
2265
2352
9000
2349
2352
2265
9348
154
2362
2350
9383
599
2364
2362
9392
596
2350
2364
9340
2362
2364
2350
9395
149
2266
2361
9002
575
2363
2266
9386
599
2361
2363
9381
2266
2363
2361
9388
596
2364
2352
9391
599
2363
2364
9387
575
2352
2363
9345
2364
2363
2352
9396
41
2405
2353
9573
608
2408
2405
9584
597
2353
2408
9350
2405
2408
2353
9586
156
2426
2406
9665
612
2429
2426
9680
608
2406
2429
9578
2426
2429
2406
9683
154
2354
2425
9352
597
2427
2354
9669
612
2425
2427
9662
2354
2427
2425
9671
608
2429
2408
9679
612
2427
2429
9670
597
2408
2427
9583
2429
2427
2408
9684
40
2268
2401
9008
576
2404
2268
9569
607
2401
2404
9560
2268
2404
2401
9571
149
2414
2269
9609
610
2416
2414
9617
576
2269
2416
9012
2414
2416
2269
9620
156
2402
2415
9563
607
2418
2402
9625
610
2415
2418
9614
2402
2418
2415
9627
576
2416
2404
9616
610
2418
2416
9626
607
2404
2418
9570
2416
2418
2404
9630
154
2425
2362
9661
612
2428
2425
9675
599
2362
2428
9384
2425
2428
2362
9678
156
2415
2426
9613
610
2430
2415
9685
612
2426
2430
9666
2415
2430
2426
9687
149
2361
2414
9380
599
2417
2361
9621
610
2414
2417
9610
2361
2417
2414
9623
612
2430
2428
9686
610
2417
2430
9622
599
2428
2417
9674
2430
2417
2428
9688
3
1173
1251
4631
302
1254
1173
4941
323
1251
1254
4932
1173
1254
1251
4943
81
1261
1174
4966
326
1263
1261
4973
302
1174
1263
4635
1261
1263
1174
4976
87
1252
1262
4935
323
1264
1252
4977
326
1262
1264
4970
1252
1264
1262
4979
302
1263
1254
4972
326
1264
1263
4978
323
1254
1264
4942
1263
1264
1254
4982
24
1286
1176
5061
333
1288
1286
5067
303
1176
1288
4641
1286
1288
1176
5069
90
1293
1287
5083
335
1296
1293
5096
333
1287
1296
5065
1293
1296
1287
5099
81
1177
1292
4642
303
1294
1177
5086
335
1292
1294
5080
1177
1294
1292
5088
333
1296
1288
5095
335
1294
1296
5087
303
1288
1294
5066
1296
1294
1288
5100
26
1255
1289
4945
324
1291
1255
5075
334
1289
1291
5071
1255
1291
1289
5077
87
1297
1256
5101
336
1299
1297
5110
324
1256
1299
4948
1297
1299
1256
5113
90
1290
1298
5073
334
1301
1290
5119
336
1298
1301
5106
1290
1301
1298
5121
324
1299
1291
5109
336
1301
1299
5120
334
1291
1301
5076
1299
1301
1291
5124
81
1292
1261
5079
335
1295
1292
5092
326
1261
1295
4967
1292
1295
1261
5094
90
1298
1293
5105
336
1302
1298
5126
335
1293
1302
5084
1298
1302
1293
5129
87
1262
1297
4969
326
1300
1262
5114
336
1297
1300
5102
1262
1300
1297
5116
335
1302
1295
5125
336
1300
1302
5115
326
1295
1300
5091
1302
1300
1295
5130
8
1403
1182
5523
363
1405
1403
5530
305
1182
1405
4662
1403
1405
1182
5532
98
1410
1404
5544
365
1412
1410
5553
363
1404
1412
5528
1410
1412
1404
5556
82
1183
1409
4664
305
1411
1183
5547
365
1409
1411
5542
1183
1411
1409
5549
363
1412
1405
5552
365
1411
1412
5548
305
1405
1411
5529
1412
1411
1405
5557
29
1435
1407
5641
372
1437
1435
5647
364
1407
1437
5538
1435
1437
1407
5649
100
1448
1436
5693
375
1451
1448
5708
372
1436
1451
5645
1448
1451
1436
5711
98
1408
1447
5539
364
1449
1408
5697
375
1447
1449
5690
1408
1449
1447
5699
372
1451
1437
5707
375
1449
1451
5698
364
1437
1449
5646
1451
1449
1437
5712
24
1185
1431
4670
306
1433
1185
5633
371
1431
1433
5628
1185
1433
1431
5635
82
1438
1186
5650
373
1440
1438
5658
306
1186
1440
4673
1438
1440
1186
5661
100
1432
1439
5631
371
1442
1432
5666
373
1439
1442
5655
1432
1442
1439
5668
306
1440
1433
5657
373
1442
1440
5667
371
1433
1442
5634
1440
1442
1433
5671
98
1447
1410
5689
375
1450
1447
5703
365
1410
1450
5545
1447
1450
1410
5706
100
1439
1448
5654
373
1452
1439
5713
375
1448
1452
5694
1439
1452
1448
5715
82
1409
1438
5541
365
1441
1409
5662
373
1438
1441
5651
1409
1441
1438
5664
375
1452
1450
5714
373
1441
1452
5663
365
1450
1441
5702
1452
1441
1450
5716
9
1265
1417
4983
327
1419
1265
5581
367
1417
1419
5576
1265
1419
1417
5583
88
1423
1266
5593
369
1425
1423
5600
327
1266
1425
4986
1423
1425
1266
5603
99
1418
1424
5579
367
1426
1418
5604
369
1424
1426
5597
1418
1426
1424
5606
327
1425
1419
5599
369
1426
1425
5605
367
1419
1426
5582
1425
1426
1419
5609
26
1475
1267
5811
381
1477
1475
5818
328
1267
1477
4988
1475
1477
1267
5820
102
1484
1476
5843
383
1487
1484
5856
381
1476
1487
5816
1484
1487
1476
5859
88
1268
1483
4989
328
1485
1268
5846
383
1483
1485
5840
1268
1485
1483
5848
381
1487
1477
5855
383
1485
1487
5847
328
1477
1485
5817
1487
1485
1477
5860
29
1421
1479
5589
368
1481
1421
5831
382
1479
1481
5826
1421
1481
1479
5833
99
1493
1422
5883
385
1495
1493
5892
368
1422
1495
5592
1493
1495
1422
5895
102
1480
1494
5829
382
1497
1480
5901
385
1494
1497
5888
1480
1497
1494
5903
368
1495
1481
5891
385
1497
1495
5902
382
1481
1497
5832
1495
1497
1481
5906
88
1483
1423
5839
383
1486
1483
5852
369
1423
1486
5594
1483
1486
1423
5854
102
1494
1484
5887
385
1498
1494
5908
383
1484
1498
5844
1494
1498
1484
5911
99
1424
1493
5596
369
1496
1424
5896
385
1493
1496
5884
1424
1496
1493
5898
383
1498
1486
5907
385
1496
1498
5897
369
1486
1496
5851
1498
1496
1486
5912
24
1431
1286
5627
371
1434
1431
5638
333
1286
1434
5062
1431
1434
1286
5640
100
1444
1432
5675
374
1446
1444
5684
371
1432
1446
5632
1444
1446
1432
5687
90
1287
1443
5064
333
1445
1287
5678
374
1443
1445
5673
1287
1445
1443
5680
371
1446
1434
5683
374
1445
1446
5679
333
1434
1445
5637
1446
1445
1434
5688
29
1479
1435
5825
382
1482
1479
5836
372
1435
1482
5642
1479
1482
1435
5838
102
1500
1480
5917
386
1503
1500
5932
382
1480
1503
5830
1500
1503
1480
5935
100
1436
1499
5644
372
1501
1436
5921
386
1499
1501
5914
1436
1501
1499
5923
382
1503
1482
5931
386
1501
1503
5922
372
1482
1501
5835
1503
1501
1482
5936
26
1289
1475
5070
334
1478
1289
5821
381
1475
1478
5812
1289
1478
1475
5823
90
1488
1290
5861
384
1490
1488
5869
334
1290
1490
5074
1488
1490
1290
5872
102
1476
1489
5815
381
1492
1476
5877
384
1489
1492
5866
1476
1492
1489
5879
334
1490
1478
5868
384
1492
1490
5878
381
1478
1492
5822
1490
1492
1478
5882
100
1499
1444
5913
386
1502
1499
5927
374
1444
1502
5676
1499
1502
1444
5930
102
1489
1500
5865
384
1504
1489
5937
386
1500
1504
5918
1489
1504
1500
5939
90
1443
1488
5672
374
1491
1443
5873
384
1488
1491
5862
1443
1491
1488
5875
386
1504
1502
5938
384
1491
1504
5874
374
1502
1491
5926
1504
1491
1502
5940
4
1303
1535
5131
337
1538
1303
6085
393
1535
1538
6076
1303
1538
1535
6087
91
1545
1304
6110
396
1547
1545
6117
337
1304
1547
5135
1545
1547
1304
6120
104
1536
1546
6079
393
1548
1536
6121
396
1546
1548
6114
1536
1548
1546
6123
337
1547
1538
6116
396
1548
1547
6122
393
1538
1548
6086
1547
1548
1538
6126
27
1570
1306
6205
403
1572
1570
6211
338
1306
1572
5141
1570
1572
1306
6213
107
1577
1571
6227
405
1580
1577
6240
403
1571
1580
6209
1577
1580
1571
6243
91
1307
1576
5142
338
1578
1307
6230
405
1576
1578
6224
1307
1578
1576
6232
403
1580
1572
6239
405
1578
1580
6231
338
1572
1578
6210
1580
1578
1572
6244
30
1539
1573
6089
394
1575
1539
6219
404
1573
1575
6215
1539
1575
1573
6221
104
1581
1540
6245
406
1583
1581
6254
394
1540
1583
6092
1581
1583
1540
6257
107
1574
1582
6217
404
1585
1574
6263
406
1582
1585
6250
1574
1585
1582
6265
394
1583
1575
6253
406
1585
1583
6264
404
1575
1585
6220
1583
1585
1575
6268
91
1576
1545
6223
405
1579
1576
6236
396
1545
1579
6111
1576
1579
1545
6238
107
1582
1577
6249
406
1586
1582
6270
405
1577
1586
6228
1582
1586
1577
6273
104
1546
1581
6113
396
1584
1546
6258
406
1581
1584
6246
1546
1584
1581
6260
405
1586
1579
6269
406
1584
1586
6259
396
1579
1584
6235
1586
1584
1579
6274
9
1687
1312
6667
433
1689
1687
6674
340
1312
1689
5162
1687
1689
1312
6676
115
1694
1688
6688
435
1696
1694
6697
433
1688
1696
6672
1694
1696
1688
6700
92
1313
1693
5164
340
1695
1313
6691
435
1693
1695
6686
1313
1695
1693
6693
433
1696
1689
6696
435
1695
1696
6692
340
1689
1695
6673
1696
1695
1689
6701
33
1719
1691
6785
442
1721
1719
6791
434
1691
1721
6682
1719
1721
1691
6793
117
1732
1720
6837
445
1735
1732
6852
442
1720
1735
6789
1732
1735
1720
6855
115
1692
1731
6683
434
1733
1692
6841
445
1731
1733
6834
1692
1733
1731
6843
442
1735
1721
6851
445
1733
1735
6842
434
1721
1733
6790
1735
1733
1721
6856
27
1315
1715
5170
341
1717
1315
6777
441
1715
1717
6772
1315
1717
1715
6779
92
1722
1316
6794
443
1724
1722
6802
341
1316
1724
5173
1722
1724
1316
6805
117
1716
1723
6775
441
1726
1716
6810
443
1723
1726
6799
1716
1726
1723
6812
341
1724
1717
6801
443
1726
1724
6811
441
1717
1726
6778
1724
1726
1717
6815
115
1731
1694
6833
445
1734
1731
6847
435
1694
1734
6689
1731
1734
1694
6850
117
1723
1732
6798
443
1736
1723
6857
445
1732
1736
6838
1723
1736
1732
6859
92
1693
1722
6685
435
1725
1693
6806
443
1722
1725
6795
1693
1725
1722
6808
445
1736
1734
6858
443
1725
1736
6807
435
1734
1725
6846
1736
1725
1734
6860
10
1549
1701
6127
397
1703
1549
6725
437
1701
1703
6720
1549
1703
1701
6727
105
1707
1550
6737
439
1709
1707
6744
397
1550
1709
6130
1707
1709
1550
6747
116
1702
1708
6723
437
1710
1702
6748
439
1708
1710
6741
1702
1710
1708
6750
397
1709
1703
6743
439
1710
1709
6749
437
1703
1710
6726
1709
1710
1703
6753
30
1759
1551
6955
451
1761
1759
6962
398
1551
1761
6132
1759
1761
1551
6964
119
1768
1760
6987
453
1771
1768
7000
451
1760
1771
6960
1768
1771
1760
7003
105
1552
1767
6133
398
1769
1552
6990
453
1767
1769
6984
1552
1769
1767
6992
451
1771
1761
6999
453
1769
1771
6991
398
1761
1769
6961
1771
1769
1761
7004
33
1705
1763
6733
438
1765
1705
6975
452
1763
1765
6970
1705
1765
1763
6977
116
1777
1706
7027
455
1779
1777
7036
438
1706
1779
6736
1777
1779
1706
7039
119
1764
1778
6973
452
1781
1764
7045
455
1778
1781
7032
1764
1781
1778
7047
438
1779
1765
7035
455
1781
1779
7046
452
1765
1781
6976
1779
1781
1765
7050
105
1767
1707
6983
453
1770
1767
6996
439
1707
1770
6738
1767
1770
1707
6998
119
1778
1768
7031
455
1782
1778
7052
453
1768
1782
6988
1778
1782
1768
7055
116
1708
1777
6740
439
1780
1708
7040
455
1777
1780
7028
1708
1780
1777
7042
453
1782
1770
7051
455
1780
1782
7041
439
1770
1780
6995
1782
1780
1770
7056
27
1715
1570
6771
441
1718
1715
6782
403
1570
1718
6206
1715
1718
1570
6784
117
1728
1716
6819
444
1730
1728
6828
441
1716
1730
6776
1728
1730
1716
6831
107
1571
1727
6208
403
1729
1571
6822
444
1727
1729
6817
1571
1729
1727
6824
441
1730
1718
6827
444
1729
1730
6823
403
1718
1729
6781
1730
1729
1718
6832
33
1763
1719
6969
452
1766
1763
6980
442
1719
1766
6786
1763
1766
1719
6982
119
1784
1764
7061
456
1787
1784
7076
452
1764
1787
6974
1784
1787
1764
7079
117
1720
1783
6788
442
1785
1720
7065
456
1783
1785
7058
1720
1785
1783
7067
452
1787
1766
7075
456
1785
1787
7066
442
1766
1785
6979
1787
1785
1766
7080
30
1573
1759
6214
404
1762
1573
6965
451
1759
1762
6956
1573
1762
1759
6967
107
1772
1574
7005
454
1774
1772
7013
404
1574
1774
6218
1772
1774
1574
7016
119
1760
1773
6959
451
1776
1760
7021
454
1773
1776
7010
1760
1776
1773
7023
404
1774
1762
7012
454
1776
1774
7022
451
1762
1776
6966
1774
1776
1762
7026
117
1783
1728
7057
456
1786
1783
7071
444
1728
1786
6820
1783
1786
1728
7074
119
1773
1784
7009
454
1788
1773
7081
456
1784
1788
7062
1773
1788
1784
7083
107
1727
1772
6816
444
1775
1727
7017
454
1772
1775
7006
1727
1775
1772
7019
456
1788
1786
7082
454
1775
1788
7018
444
1786
1775
7070
1788
1775
1786
7084
5
1587
1819
6275
407
1822
1587
7229
463
1819
1822
7220
1587
1822
1819
7231
108
1829
1588
7254
466
1831
1829
7261
407
1588
1831
6279
1829
1831
1588
7264
121
1820
1830
7223
463
1832
1820
7265
466
1830
1832
7258
1820
1832
1830
7267
407
1831
1822
7260
466
1832
1831
7266
463
1822
1832
7230
1831
1832
1822
7270
31
1854
1590
7349
473
1856
1854
7355
408
1590
1856
6285
1854
1856
1590
7357
124
1861
1855
7371
475
1864
1861
7384
473
1855
1864
7353
1861
1864
1855
7387
108
1591
1860
6286
408
1862
1591
7374
475
1860
1862
7368
1591
1862
1860
7376
473
1864
1856
7383
475
1862
1864
7375
408
1856
1862
7354
1864
1862
1856
7388
34
1823
1857
7233
464
1859
1823
7363
474
1857
1859
7359
1823
1859
1857
7365
121
1865
1824
7389
476
1867
1865
7398
464
1824
1867
7236
1865
1867
1824
7401
124
1858
1866
7361
474
1869
1858
7407
476
1866
1869
7394
1858
1869
1866
7409
464
1867
1859
7397
476
1869
1867
7408
474
1859
1869
7364
1867
1869
1859
7412
108
1860
1829
7367
475
1863
1860
7380
466
1829
1863
7255
1860
1863
1829
7382
124
1866
1861
7393
476
1870
1866
7414
475
1861
1870
7372
1866
1870
1861
7417
121
1830
1865
7257
466
1868
1830
7402
476
1865
1868
7390
1830
1868
1865
7404
475
1870
1863
7413
476
1868
1870
7403
466
1863
1868
7379
1870
1868
1863
7418
10
1971
1596
7811
503
1973
1971
7818
410
1596
1973
6306
1971
1973
1596
7820
132
1978
1972
7832
505
1980
1978
7841
503
1972
1980
7816
1978
1980
1972
7844
109
1597
1977
6308
410
1979
1597
7835
505
1977
1979
7830
1597
1979
1977
7837
503
1980
1973
7840
505
1979
1980
7836
410
1973
1979
7817
1980
1979
1973
7845
37
2003
1975
7929
512
2005
2003
7935
504
1975
2005
7826
2003
2005
1975
7937
134
2016
2004
7981
515
2019
2016
7996
512
2004
2019
7933
2016
2019
2004
7999
132
1976
2015
7827
504
2017
1976
7985
515
2015
2017
7978
1976
2017
2015
7987
512
2019
2005
7995
515
2017
2019
7986
504
2005
2017
7934
2019
2017
2005
8000
31
1599
1999
6314
411
2001
1599
7921
511
1999
2001
7916
1599
2001
1999
7923
109
2006
1600
7938
513
2008
2006
7946
411
1600
2008
6317
2006
2008
1600
7949
134
2000
2007
7919
511
2010
2000
7954
513
2007
2010
7943
2000
2010
2007
7956
411
2008
2001
7945
513
2010
2008
7955
511
2001
2010
7922
2008
2010
2001
7959
132
2015
1978
7977
515
2018
2015
7991
505
1978
2018
7833
2015
2018
1978
7994
134
2007
2016
7942
513
2020
2007
8001
515
2016
2020
7982
2007
2020
2016
8003
109
1977
2006
7829
505
2009
1977
7950
513
2006
2009
7939
1977
2009
2006
7952
515
2020
2018
8002
513
2009
2020
7951
505
2018
2009
7990
2020
2009
2018
8004
11
1833
1985
7271
467
1987
1833
7869
507
1985
1987
7864
1833
1987
1985
7871
122
1991
1834
7881
509
1993
1991
7888
467
1834
1993
7274
1991
1993
1834
7891
133
1986
1992
7867
507
1994
1986
7892
509
1992
1994
7885
1986
1994
1992
7894
467
1993
1987
7887
509
1994
1993
7893
507
1987
1994
7870
1993
1994
1987
7897
34
2043
1835
8099
521
2045
2043
8106
468
1835
2045
7276
2043
2045
1835
8108
136
2052
2044
8131
523
2055
2052
8144
521
2044
2055
8104
2052
2055
2044
8147
122
1836
2051
7277
468
2053
1836
8134
523
2051
2053
8128
1836
2053
2051
8136
521
2055
2045
8143
523
2053
2055
8135
468
2045
2053
8105
2055
2053
2045
8148
37
1989
2047
7877
508
2049
1989
8119
522
2047
2049
8114
1989
2049
2047
8121
133
2061
1990
8171
525
2063
2061
8180
508
1990
2063
7880
2061
2063
1990
8183
136
2048
2062
8117
522
2065
2048
8189
525
2062
2065
8176
2048
2065
2062
8191
508
2063
2049
8179
525
2065
2063
8190
522
2049
2065
8120
2063
2065
2049
8194
122
2051
1991
8127
523
2054
2051
8140
509
1991
2054
7882
2051
2054
1991
8142
136
2062
2052
8175
525
2066
2062
8196
523
2052
2066
8132
2062
2066
2052
8199
133
1992
2061
7884
509
2064
1992
8184
525
2061
2064
8172
1992
2064
2061
8186
523
2066
2054
8195
525
2064
2066
8185
509
2054
2064
8139
2066
2064
2054
8200
31
1999
1854
7915
511
2002
1999
7926
473
1854
2002
7350
1999
2002
1854
7928
134
2012
2000
7963
514
2014
2012
7972
511
2000
2014
7920
2012
2014
2000
7975
124
1855
2011
7352
473
2013
1855
7966
514
2011
2013
7961
1855
2013
2011
7968
511
2014
2002
7971
514
2013
2014
7967
473
2002
2013
7925
2014
2013
2002
7976
37
2047
2003
8113
522
2050
2047
8124
512
2003
2050
7930
2047
2050
2003
8126
136
2068
2048
8205
526
2071
2068
8220
522
2048
2071
8118
2068
2071
2048
8223
134
2004
2067
7932
512
2069
2004
8209
526
2067
2069
8202
2004
2069
2067
8211
522
2071
2050
8219
526
2069
2071
8210
512
2050
2069
8123
2071
2069
2050
8224
34
1857
2043
7358
474
2046
1857
8109
521
2043
2046
8100
1857
2046
2043
8111
124
2056
1858
8149
524
2058
2056
8157
474
1858
2058
7362
2056
2058
1858
8160
136
2044
2057
8103
521
2060
2044
8165
524
2057
2060
8154
2044
2060
2057
8167
474
2058
2046
8156
524
2060
2058
8166
521
2046
2060
8110
2058
2060
2046
8170
134
2067
2012
8201
526
2070
2067
8215
514
2012
2070
7964
2067
2070
2012
8218
136
2057
2068
8153
524
2072
2057
8225
526
2068
2072
8206
2057
2072
2068
8227
124
2011
2056
7960
514
2059
2011
8161
524
2056
2059
8150
2011
2059
2056
8163
526
2072
2070
8226
524
2059
2072
8162
514
2070
2059
8214
2072
2059
2070
8228
6
1871
2155
7419
477
2158
1871
8573
547
2155
2158
8564
1871
2158
2155
8575
125
2165
1872
8598
550
2167
2165
8605
477
1872
2167
7423
2165
2167
1872
8608
142
2156
2166
8567
547
2168
2156
8609
550
2166
2168
8602
2156
2168
2166
8611
477
2167
2158
8604
550
2168
2167
8610
547
2158
2168
8574
2167
2168
2158
8614
35
2200
1874
8737
559
2202
2200
8743
478
1874
2202
7429
2200
2202
1874
8745
145
2207
2201
8759
561
2210
2207
8772
559
2201
2210
8741
2207
2210
2201
8775
125
1875
2206
7430
478
2208
1875
8762
561
2206
2208
8756
1875
2208
2206
8764
559
2210
2202
8771
561
2208
2210
8763
478
2202
2208
8742
2210
2208
2202
8776
39
2159
2203
8577
548
2205
2159
8751
560
2203
2205
8747
2159
2205
2203
8753
142
2211
2160
8777
562
2213
2211
8786
548
2160
2213
8580
2211
2213
2160
8789
145
2204
2212
8749
560
2215
2204
8795
562
2212
2215
8782
2204
2215
2212
8797
548
2213
2205
8785
562
2215
2213
8796
560
2205
2215
8752
2213
2215
2205
8800
125
2206
2165
8755
561
2209
2206
8768
550
2165
2209
8599
2206
2209
2165
8770
145
2212
2207
8781
562
2216
2212
8802
561
2207
2216
8760
2212
2216
2207
8805
142
2166
2211
8601
550
2214
2166
8790
562
2211
2214
8778
2166
2214
2211
8792
561
2216
2209
8801
562
2214
2216
8791
550
2209
2214
8767
2216
2214
2209
8806
11
2431
1880
9691
613
2433
2431
9698
480
1880
2433
7450
2431
2433
1880
9700
157
2438
2432
9712
615
2440
2438
9721
613
2432
2440
9696
2438
2440
2432
9724
126
1881
2437
7452
480
2439
1881
9715
615
2437
2439
9710
1881
2439
2437
9717
613
2440
2433
9720
615
2439
2440
9716
480
2433
2439
9697
2440
2439
2433
9725
42
2463
2435
9809
622
2465
2463
9815
614
2435
2465
9706
2463
2465
2435
9817
159
2476
2464
9861
625
2479
2476
9876
622
2464
2479
9813
2476
2479
2464
9879
157
2436
2475
9707
614
2477
2436
9865
625
2475
2477
9858
2436
2477
2475
9867
622
2479
2465
9875
625
2477
2479
9866
614
2465
2477
9814
2479
2477
2465
9880
35
1883
2459
7458
481
2461
1883
9801
621
2459
2461
9796
1883
2461
2459
9803
126
2466
1884
9818
623
2468
2466
9826
481
1884
2468
7461
2466
2468
1884
9829
159
2460
2467
9799
621
2470
2460
9834
623
2467
2470
9823
2460
2470
2467
9836
481
2468
2461
9825
623
2470
2468
9835
621
2461
2470
9802
2468
2470
2461
9839
157
2475
2438
9857
625
2478
2475
9871
615
2438
2478
9713
2475
2478
2438
9874
159
2467
2476
9822
623
2480
2467
9881
625
2476
2480
9862
2467
2480
2476
9883
126
2437
2466
9709
615
2469
2437
9830
623
2466
2469
9819
2437
2469
2466
9832
625
2480
2478
9882
623
2469
2480
9831
615
2478
2469
9870
2480
2469
2478
9884
12
2169
2445
8615
551
2447
2169
9749
617
2445
2447
9744
2169
2447
2445
9751
143
2451
2170
9761
619
2453
2451
9768
551
2170
2453
8619
2451
2453
2170
9771
158
2446
2452
9747
617
2454
2446
9772
619
2452
2454
9765
2446
2454
2452
9774
551
2453
2447
9767
619
2454
2453
9773
617
2447
2454
9750
2453
2454
2447
9777
39
2503
2172
9979
631
2505
2503
9986
552
2172
2505
8625
2503
2505
2172
9988
161
2512
2504
10011
633
2515
2512
10024
631
2504
2515
9984
2512
2515
2504
10027
143
2173
2511
8626
552
2513
2173
10014
633
2511
2513
10008
2173
2513
2511
10016
631
2515
2505
10023
633
2513
2515
10015
552
2505
2513
9985
2515
2513
2505
10028
42
2449
2507
9757
618
2509
2449
9999
632
2507
2509
9994
2449
2509
2507
10001
158
2521
2450
10051
635
2523
2521
10060
618
2450
2523
9760
2521
2523
2450
10063
161
2508
2522
9997
632
2525
2508
10069
635
2522
2525
10056
2508
2525
2522
10071
618
2523
2509
10059
635
2525
2523
10070
632
2509
2525
10000
2523
2525
2509
10074
143
2511
2451
10007
633
2514
2511
10020
619
2451
2514
9762
2511
2514
2451
10022
161
2522
2512
10055
635
2526
2522
10076
633
2512
2526
10012
2522
2526
2512
10079
158
2452
2521
9764
619
2524
2452
10064
635
2521
2524
10052
2452
2524
2521
10066
633
2526
2514
10075
635
2524
2526
10065
619
2514
2524
10019
2526
2524
2514
10080
35
2459
2200
9795
621
2462
2459
9806
559
2200
2462
8738
2459
2462
2200
9808
159
2472
2460
9843
624
2474
2472
9852
621
2460
2474
9800
2472
2474
2460
9855
145
2201
2471
8740
559
2473
2201
9846
624
2471
2473
9841
2201
2473
2471
9848
621
2474
2462
9851
624
2473
2474
9847
559
2462
2473
9805
2474
2473
2462
9856
42
2507
2463
9993
632
2510
2507
10004
622
2463
2510
9810
2507
2510
2463
10006
161
2528
2508
10085
636
2531
2528
10100
632
2508
2531
9998
2528
2531
2508
10103
159
2464
2527
9812
622
2529
2464
10089
636
2527
2529
10082
2464
2529
2527
10091
632
2531
2510
10099
636
2529
2531
10090
622
2510
2529
10003
2531
2529
2510
10104
39
2203
2503
8746
560
2506
2203
9989
631
2503
2506
9980
2203
2506
2503
9991
145
2516
2204
10029
634
2518
2516
10037
560
2204
2518
8750
2516
2518
2204
10040
161
2504
2517
9983
631
2520
2504
10045
634
2517
2520
10034
2504
2520
2517
10047
560
2518
2506
10036
634
2520
2518
10046
631
2506
2520
9990
2518
2520
2506
10050
159
2527
2472
10081
636
2530
2527
10095
624
2472
2530
9844
2527
2530
2472
10098
161
2517
2528
10033
634
2532
2517
10105
636
2528
2532
10086
2517
2532
2528
10107
145
2471
2516
9840
624
2519
2471
10041
634
2516
2519
10030
2471
2519
2516
10043
636
2532
2530
10106
634
2519
2532
10042
624
2530
2519
10094
2532
2519
2530
10108
2
2103
1143
8363
533
2106
2103
8374
293
1143
2106
4524
2103
2106
1143
8376
138
2114
2104
8401
536
2116
2114
8410
533
2104
2116
8368
2114
2116
2104
8413
78
1144
2113
4526
293
2115
1144
8404
536
2113
2115
8399
1144
2115
2113
8406
533
2116
2106
8409
536
2115
2116
8405
293
2106
2115
8373
2116
2115
2106
8414
38
2141
2107
8502
544
2143
2141
8508
534
2107
2143
8378
2141
2143
2107
8510
141
2150
2142
8537
546
2153
2150
8552
544
2142
2153
8506
2150
2153
2142
8555
138
2108
2149
8379
534
2151
2108
8541
546
2149
2151
8534
2108
2151
2149
8543
544
2153
2143
8551
546
2151
2153
8542
534
2143
2151
8507
2153
2151
2143
8556
23
1146
2138
4532
294
2140
1146
8498
543
2138
2140
8494
1146
2140
2138
8500
78
2144
1147
8511
545
2146
2144
8519
294
1147
2146
4535
2144
2146
1147
8522
141
2139
2145
8496
543
2148
2139
8527
545
2145
2148
8516
2139
2148
2145
8529
294
2146
2140
8518
545
2148
2146
8528
543
2140
2148
8499
2146
2148
2140
8532
138
2149
2114
8533
546
2152
2149
8547
536
2114
2152
8402
2149
2152
2114
8550
141
2145
2150
8515
545
2154
2145
8557
546
2150
2154
8538
2145
2154
2150
8559
78
2113
2144
8398
536
2147
2113
8523
545
2144
2147
8512
2113
2147
2144
8525
546
2154
2152
8558
545
2147
2154
8524
536
2152
2147
8546
2154
2147
2152
8560
12
2313
2117
9191
587
2315
2313
9198
537
2117
2315
8416
2313
2315
2117
9200
152
2320
2314
9212
589
2322
2320
9221
587
2314
2322
9196
2320
2322
2314
9224
139
2118
2319
8417
537
2321
2118
9215
589
2319
2321
9210
2118
2321
2319
9217
587
2322
2315
9220
589
2321
2322
9216
537
2315
2321
9197
2322
2321
2315
9225
41
2375
2317
9441
602
2377
2375
9448
588
2317
2377
9206
2375
2377
2317
9450
155
2390
2376
9503
605
2393
2390
9518
602
2376
2393
9446
2390
2393
2376
9521
152
2318
2389
9207
588
2391
2318
9507
605
2389
2391
9500
2318
2391
2389
9509
602
2393
2377
9517
605
2391
2393
9508
588
2377
2391
9447
2393
2391
2377
9522
38
2119
2371
8419
538
2373
2119
9433
601
2371
2373
9428
2119
2373
2371
9435
139
2379
2120
9455
603
2381
2379
9463
538
2120
2381
8422
2379
2381
2120
9466
155
2372
2380
9431
601
2383
2372
9471
603
2380
2383
9460
2372
2383
2380
9473
538
2381
2373
9462
603
2383
2381
9472
601
2373
2383
9434
2381
2383
2373
9476
152
2389
2320
9499
605
2392
2389
9513
589
2320
2392
9213
2389
2392
2320
9516
155
2380
2390
9459
603
2394
2380
9523
605
2390
2394
9504
2380
2394
2390
9525
139
2319
2379
9209
589
2382
2319
9467
603
2379
2382
9456
2319
2382
2379
9469
605
2394
2392
9524
603
2382
2394
9468
589
2392
2382
9512
2394
2382
2392
9526
8
1152
2299
4553
296
2301
1152
9145
583
2299
2301
9140
1152
2301
2299
9147
79
2305
1153
9157
585
2307
2305
9164
296
1153
2307
4556
2305
2307
1153
9167
151
2300
2306
9143
583
2308
2300
9168
585
2306
2308
9161
2300
2308
2306
9170
296
2307
2301
9163
585
2308
2307
9169
583
2301
2308
9146
2307
2308
2301
9173
23
2327
1154
9243
591
2329
2327
9250
297
1154
2329
4558
2327
2329
1154
9252
153
2335
2328
9270
593
2338
2335
9283
591
2328
2338
9248
2335
2338
2328
9286
79
1155
2334
4559
297
2336
1155
9273
593
2334
2336
9267
1155
2336
2334
9275
591
2338
2329
9282
593
2336
2338
9274
297
2329
2336
9249
2338
2336
2329
9287
41
2303
2331
9153
584
2333
2303
9262
592
2331
2333
9258
2303
2333
2331
9264
151
2343
2304
9305
595
2345
2343
9314
584
2304
2345
9156
2343
2345
2304
9317
153
2332
2344
9260
592
2347
2332
9323
595
2344
2347
9310
2332
2347
2344
9325
584
2345
2333
9313
595
2347
2345
9324
592
2333
2347
9263
2345
2347
2333
9328
79
2334
2305
9266
593
2337
2334
9279
585
2305
2337
9158
2334
2337
2305
9281
153
2344
2335
9309
595
2348
2344
9330
593
2335
2348
9271
2344
2348
2335
9333
151
2306
2343
9160
585
2346
2306
9318
595
2343
2346
9306
2306
2346
2343
9320
593
2348
2337
9329
595
2346
2348
9319
585
2337
2346
9278
2348
2346
2337
9334
38
2371
2141
9427
601
2374
2371
9438
544
2141
2374
8503
2371
2374
2141
9440
155
2385
2372
9481
604
2388
2385
9494
601
2372
2388
9432
2385
2388
2372
9497
141
2142
2384
8505
544
2386
2142
9484
604
2384
2386
9478
2142
2386
2384
9486
601
2388
2374
9493
604
2386
2388
9485
544
2374
2386
9437
2388
2386
2374
9498
41
2331
2375
9257
592
2378
2331
9451
602
2375
2378
9442
2331
2378
2375
9453
153
2395
2332
9529
606
2397
2395
9538
592
2332
2397
9261
2395
2397
2332
9541
155
2376
2396
9445
602
2399
2376
9547
606
2396
2399
9534
2376
2399
2396
9549
592
2397
2378
9537
606
2399
2397
9548
602
2378
2399
9452
2397
2399
2378
9552
23
2138
2327
8493
543
2330
2138
9253
591
2327
2330
9244
2138
2330
2327
9255
141
2339
2139
9288
594
2341
2339
9295
543
2139
2341
8497
2339
2341
2139
9298
153
2328
2340
9247
591
2342
2328
9299
594
2340
2342
9292
2328
2342
2340
9301
543
2341
2330
9294
594
2342
2341
9300
591
2330
2342
9254
2341
2342
2330
9304
155
2396
2385
9533
606
2400
2396
9554
604
2385
2400
9482
2396
2400
2385
9557
153
2340
2395
9291
594
2398
2340
9542
606
2395
2398
9530
2340
2398
2395
9544
141
2384
2339
9477
604
2387
2384
9490
594
2339
2387
9289
2384
2387
2339
9492
606
2398
2400
9543
594
2387
2398
9489
604
2400
2387
9553
2398
2387
2400
9545
8
1182
1152
4661
305
1184
1182
4667
296
1152
1184
4554
1182
1184
1152
4669
82
1188
1183
4677
307
1190
1188
4686
305
1183
1190
4665
1188
1190
1183
4689
79
1153
1187
4555
296
1189
1153
4680
307
1187
1189
4675
1153
1189
1187
4682
305
1190
1184
4685
307
1189
1190
4681
296
1184
1189
4666
1190
1189
1184
4690
24
1217
1185
4797
314
1219
1217
4804
306
1185
1219
4671
1217
1219
1185
4806
84
1232
1218
4859
317
1235
1232
4874
314
1218
1235
4802
1232
1235
1218
4877
82
1186
1231
4672
306
1233
1186
4863
317
1231
1233
4856
1186
1233
1231
4865
314
1235
1219
4873
317
1233
1235
4864
306
1219
1233
4803
1235
1233
1219
4878
23
1154
1213
4557
297
1215
1154
4789
313
1213
1215
4784
1154
1215
1213
4791
79
1221
1155
4811
315
1223
1221
4819
297
1155
1223
4560
1221
1223
1155
4822
84
1214
1222
4787
313
1225
1214
4827
315
1222
1225
4816
1214
1225
1222
4829
297
1223
1215
4818
315
1225
1223
4828
313
1215
1225
4790
1223
1225
1215
4832
82
1231
1188
4855
317
1234
1231
4869
307
1188
1234
4678
1231
1234
1188
4872
84
1222
1232
4815
315
1236
1222
4879
317
1232
1236
4860
1222
1236
1232
4881
79
1187
1221
4674
307
1224
1187
4823
315
1221
1224
4812
1187
1224
1221
4825
317
1236
1234
4880
315
1224
1236
4824
307
1234
1224
4868
1236
1224
1234
4882
3
690
1173
2717
179
1175
690
4636
302
1173
1175
4632
690
1175
1173
4638
49
1178
691
4644
304
1180
1178
4651
179
691
1180
2721
1178
1180
691
4654
81
1174
1179
4634
302
1181
1174
4655
304
1179
1181
4648
1174
1181
1179
4657
179
1180
1175
4650
304
1181
1180
4656
302
1175
1181
4637
1180
1181
1175
4660
15
1191
693
4691
308
1193
1191
4698
180
693
1193
2727
1191
1193
693
4700
83
1199
1192
4718
310
1202
1199
4731
308
1192
1202
4696
1199
1202
1192
4734
49
694
1198
2728
180
1200
694
4721
310
1198
1200
4715
694
1200
1198
4723
308
1202
1193
4730
310
1200
1202
4722
180
1193
1200
4697
1202
1200
1193
4735
24
1176
1195
4640
303
1197
1176
4710
309
1195
1197
4706
1176
1197
1195
4712
81
1207
1177
4753
312
1209
1207
4762
303
1177
1209
4643
1207
1209
1177
4765
83
1196
1208
4708
309
1211
1196
4771
312
1208
1211
4758
1196
1211
1208
4773
303
1209
1197
4761
312
1211
1209
4772
309
1197
1211
4711
1209
1211
1197
4776
49
1198
1178
4714
310
1201
1198
4727
304
1178
1201
4645
1198
1201
1178
4729
83
1208
1199
4757
312
1212
1208
4778
310
1199
1212
4719
1208
1212
1199
4781
81
1179
1207
4647
304
1210
1179
4766
312
1207
1210
4754
1179
1210
1207
4768
310
1212
1201
4777
312
1210
1212
4767
304
1201
1210
4726
1212
1210
1201
4782
2
1143
681
4523
293
1145
1143
4529
176
681
1145
2688
1143
1145
681
4531
78
1149
1144
4539
295
1151
1149
4548
293
1144
1151
4527
1149
1151
1144
4551
48
682
1148
2690
176
1150
682
4542
295
1148
1150
4537
682
1150
1148
4544
293
1151
1145
4547
295
1150
1151
4543
176
1145
1150
4528
1151
1150
1145
4552
23
1159
1146
4570
299
1161
1159
4576
294
1146
1161
4533
1159
1161
1146
4578
80
1168
1160
4605
301
1171
1168
4620
299
1160
1171
4574
1168
1171
1160
4623
78
1147
1167
4534
294
1169
1147
4609
301
1167
1169
4602
1147
1169
1167
4611
299
1171
1161
4619
301
1169
1171
4610
294
1161
1169
4575
1171
1169
1161
4624
15
684
1156
2696
177
1158
684
4566
298
1156
1158
4562
684
1158
1156
4568
48
1162
685
4579
300
1164
1162
4587
177
685
1164
2699
1162
1164
685
4590
80
1157
1163
4564
298
1166
1157
4595
300
1163
1166
4584
1157
1166
1163
4597
177
1164
1158
4586
300
1166
1164
4596
298
1158
1166
4567
1164
1166
1158
4600
78
1167
1149
4601
301
1170
1167
4615
295
1149
1170
4540
1167
1170
1149
4618
80
1163
1168
4583
300
1172
1163
4625
301
1168
1172
4606
1163
1172
1168
4627
48
1148
1162
4536
295
1165
1148
4591
300
1162
1165
4580
1148
1165
1162
4593
301
1172
1170
4626
300
1165
1172
4592
295
1170
1165
4614
1172
1165
1170
4628
24
1195
1217
4705
309
1220
1195
4807
314
1217
1220
4798
1195
1220
1217
4809
83
1237
1196
4885
318
1239
1237
4894
309
1196
1239
4709
1237
1239
1196
4897
84
1218
1238
4801
314
1241
1218
4903
318
1238
1241
4890
1218
1241
1238
4905
309
1239
1220
4893
318
1241
1239
4904
314
1220
1241
4808
1239
1241
1220
4908
15
1156
1191
4561
298
1194
1156
4701
308
1191
1194
4692
1156
1194
1191
4703
80
1203
1157
4736
311
1205
1203
4743
298
1157
1205
4565
1203
1205
1157
4746
83
1192
1204
4695
308
1206
1192
4747
311
1204
1206
4740
1192
1206
1204
4749
298
1205
1194
4742
311
1206
1205
4748
308
1194
1206
4702
1205
1206
1194
4752
23
1213
1159
4783
313
1216
1213
4794
299
1159
1216
4571
1213
1216
1159
4796
84
1227
1214
4837
316
1230
1227
4850
313
1214
1230
4788
1227
1230
1214
4853
80
1160
1226
4573
299
1228
1160
4840
316
1226
1228
4834
1160
1228
1226
4842
313
1230
1216
4849
316
1228
1230
4841
299
1216
1228
4793
1230
1228
1216
4854
83
1204
1237
4739
311
1240
1204
4898
318
1237
1240
4886
1204
1240
1237
4900
80
1226
1203
4833
316
1229
1226
4846
311
1203
1229
4737
1226
1229
1203
4848
84
1238
1227
4889
318
1242
1238
4910
316
1227
1242
4838
1238
1242
1227
4913
311
1229
1240
4845
316
1242
1229
4909
318
1240
1242
4899
1229
1242
1240
4912
9
1312
1265
5161
340
1314
1312
5167
327
1265
1314
4984
1312
1314
1265
5169
92
1318
1313
5177
342
1320
1318
5186
340
1313
1320
5165
1318
1320
1313
5189
88
1266
1317
4985
327
1319
1266
5180
342
1317
1319
5175
1266
1319
1317
5182
340
1320
1314
5185
342
1319
1320
5181
327
1314
1319
5166
1320
1319
1314
5190
27
1347
1315
5297
349
1349
1347
5304
341
1315
1349
5171
1347
1349
1315
5306
94
1362
1348
5359
352
1365
1362
5374
349
1348
1365
5302
1362
1365
1348
5377
92
1316
1361
5172
341
1363
1316
5363
352
1361
1363
5356
1316
1363
1361
5365
349
1365
1349
5373
352
1363
1365
5364
341
1349
1363
5303
1365
1363
1349
5378
26
1267
1343
4987
328
1345
1267
5289
348
1343
1345
5284
1267
1345
1343
5291
88
1351
1268
5311
350
1353
1351
5319
328
1268
1353
4990
1351
1353
1268
5322
94
1344
1352
5287
348
1355
1344
5327
350
1352
1355
5316
1344
1355
1352
5329
328
1353
1345
5318
350
1355
1353
5328
348
1345
1355
5290
1353
1355
1345
5332
92
1361
1318
5355
352
1364
1361
5369
342
1318
1364
5178
1361
1364
1318
5372
94
1352
1362
5315
350
1366
1352
5379
352
1362
1366
5360
1352
1366
1362
5381
88
1317
1351
5174
342
1354
1317
5323
350
1351
1354
5312
1317
1354
1351
5325
352
1366
1364
5380
350
1354
1366
5324
342
1364
1354
5368
1366
1354
1364
5382
4
790
1303
3109
205
1305
790
5136
337
1303
1305
5132
790
1305
1303
5138
56
1308
791
5144
339
1310
1308
5151
205
791
1310
3113
1308
1310
791
5154
91
1304
1309
5134
337
1311
1304
5155
339
1309
1311
5148
1304
1311
1309
5157
205
1310
1305
5150
339
1311
1310
5156
337
1305
1311
5137
1310
1311
1305
5160
17
1321
793
5191
343
1323
1321
5198
206
793
1323
3119
1321
1323
793
5200
93
1329
1322
5218
345
1332
1329
5231
343
1322
1332
5196
1329
1332
1322
5234
56
794
1328
3120
206
1330
794
5221
345
1328
1330
5215
794
1330
1328
5223
343
1332
1323
5230
345
1330
1332
5222
206
1323
1330
5197
1332
1330
1323
5235
27
1306
1325
5140
338
1327
1306
5210
344
1325
1327
5206
1306
1327
1325
5212
91
1337
1307
5253
347
1339
1337
5262
338
1307
1339
5143
1337
1339
1307
5265
93
1326
1338
5208
344
1341
1326
5271
347
1338
1341
5258
1326
1341
1338
5273
338
1339
1327
5261
347
1341
1339
5272
344
1327
1341
5211
1339
1341
1327
5276
56
1328
1308
5214
345
1331
1328
5227
339
1308
1331
5145
1328
1331
1308
5229
93
1338
1329
5257
347
1342
1338
5278
345
1329
1342
5219
1338
1342
1329
5281
91
1309
1337
5147
339
1340
1309
5266
347
1337
1340
5254
1309
1340
1337
5268
345
1342
1331
5277
347
1340
1342
5267
339
1331
1340
5226
1342
1340
1331
5282
3
1251
781
4931
323
1253
1251
4938
202
781
1253
3080
1251
1253
781
4940
87
1258
1252
4952
325
1260
1258
4961
323
1252
1260
4936
1258
1260
1252
4964
55
782
1257
3082
202
1259
782
4955
325
1257
1259
4950
782
1259
1257
4957
323
1260
1253
4960
325
1259
1260
4956
202
1253
1259
4937
1260
1259
1253
4965
26
1272
1255
5000
330
1274
1272
5006
324
1255
1274
4946
1272
1274
1255
5008
89
1281
1273
5035
332
1284
1281
5050
330
1273
1284
5004
1281
1284
1273
5053
87
1256
1280
4947
324
1282
1256
5039
332
1280
1282
5032
1256
1282
1280
5041
330
1284
1274
5049
332
1282
1284
5040
324
1274
1282
5005
1284
1282
1274
5054
17
784
1269
3088
203
1271
784
4996
329
1269
1271
4992
784
1271
1269
4998
55
1275
785
5009
331
1277
1275
5017
203
785
1277
3091
1275
1277
785
5020
89
1270
1276
4994
329
1279
1270
5025
331
1276
1279
5014
1270
1279
1276
5027
203
1277
1271
5016
331
1279
1277
5026
329
1271
1279
4997
1277
1279
1271
5030
87
1280
1258
5031
332
1283
1280
5045
325
1258
1283
4953
1280
1283
1258
5048
89
1276
1281
5013
331
1285
1276
5055
332
1281
1285
5036
1276
1285
1281
5057
55
1257
1275
4949
325
1278
1257
5021
331
1275
1278
5010
1257
1278
1275
5023
332
1285
1283
5056
331
1278
1285
5022
325
1283
1278
5044
1285
1278
1283
5058
27
1325
1347
5205
344
1350
1325
5307
349
1347
1350
5298
1325
1350
1347
5309
93
1367
1326
5385
353
1369
1367
5394
344
1326
1369
5209
1367
1369
1326
5397
94
1348
1368
5301
349
1371
1348
5403
353
1368
1371
5390
1348
1371
1368
5405
344
1369
1350
5393
353
1371
1369
5404
349
1350
1371
5308
1369
1371
1350
5408
17
1269
1321
4991
329
1324
1269
5201
343
1321
1324
5192
1269
1324
1321
5203
89
1333
1270
5236
346
1335
1333
5243
329
1270
1335
4995
1333
1335
1270
5246
93
1322
1334
5195
343
1336
1322
5247
346
1334
1336
5240
1322
1336
1334
5249
329
1335
1324
5242
346
1336
1335
5248
343
1324
1336
5202
1335
1336
1324
5252
26
1343
1272
5283
348
1346
1343
5294
330
1272
1346
5001
1343
1346
1272
5296
94
1357
1344
5337
351
1360
1357
5350
348
1344
1360
5288
1357
1360
1344
5353
89
1273
1356
5003
330
1358
1273
5340
351
1356
1358
5334
1273
1358
1356
5342
348
1360
1346
5349
351
1358
1360
5341
330
1346
1358
5293
1360
1358
1346
5354
93
1334
1367
5239
346
1370
1334
5398
353
1367
1370
5386
1334
1370
1367
5400
89
1356
1333
5333
351
1359
1356
5346
346
1333
1359
5237
1356
1359
1333
5348
94
1368
1357
5389
353
1372
1368
5410
351
1357
1372
5338
1368
1372
1357
5413
346
1359
1370
5345
351
1372
1359
5409
353
1370
1372
5399
1359
1372
1370
5412
10
1596
1549
6305
410
1598
1596
6311
397
1549
1598
6128
1596
1598
1549
6313
109
1602
1597
6321
412
1604
1602
6330
410
1597
1604
6309
1602
1604
1597
6333
105
1550
1601
6129
397
1603
1550
6324
412
1601
1603
6319
1550
1603
1601
6326
410
1604
1598
6329
412
1603
1604
6325
397
1598
1603
6310
1604
1603
1598
6334
31
1631
1599
6441
419
1633
1631
6448
411
1599
1633
6315
1631
1633
1599
6450
111
1646
1632
6503
422
1649
1646
6518
419
1632
1649
6446
1646
1649
1632
6521
109
1600
1645
6316
411
1647
1600
6507
422
1645
1647
6500
1600
1647
1645
6509
419
1649
1633
6517
422
1647
1649
6508
411
1633
1647
6447
1649
1647
1633
6522
30
1551
1627
6131
398
1629
1551
6433
418
1627
1629
6428
1551
1629
1627
6435
105
1635
1552
6455
420
1637
1635
6463
398
1552
1637
6134
1635
1637
1552
6466
111
1628
1636
6431
418
1639
1628
6471
420
1636
1639
6460
1628
1639
1636
6473
398
1637
1629
6462
420
1639
1637
6472
418
1629
1639
6434
1637
1639
1629
6476
109
1645
1602
6499
422
1648
1645
6513
412
1602
1648
6322
1645
1648
1602
6516
111
1636
1646
6459
420
1650
1636
6523
422
1646
1650
6504
1636
1650
1646
6525
105
1601
1635
6318
412
1638
1601
6467
420
1635
1638
6456
1601
1638
1635
6469
422
1650
1648
6524
420
1638
1650
6468
412
1648
1638
6512
1650
1638
1648
6526
5
890
1587
3501
231
1589
890
6280
407
1587
1589
6276
890
1589
1587
6282
63
1592
891
6288
409
1594
1592
6295
231
891
1594
3505
1592
1594
891
6298
108
1588
1593
6278
407
1595
1588
6299
409
1593
1595
6292
1588
1595
1593
6301
231
1594
1589
6294
409
1595
1594
6300
407
1589
1595
6281
1594
1595
1589
6304
19
1605
893
6335
413
1607
1605
6342
232
893
1607
3511
1605
1607
893
6344
110
1613
1606
6362
415
1616
1613
6375
413
1606
1616
6340
1613
1616
1606
6378
63
894
1612
3512
232
1614
894
6365
415
1612
1614
6359
894
1614
1612
6367
413
1616
1607
6374
415
1614
1616
6366
232
1607
1614
6341
1616
1614
1607
6379
31
1590
1609
6284
408
1611
1590
6354
414
1609
1611
6350
1590
1611
1609
6356
108
1621
1591
6397
417
1623
1621
6406
408
1591
1623
6287
1621
1623
1591
6409
110
1610
1622
6352
414
1625
1610
6415
417
1622
1625
6402
1610
1625
1622
6417
408
1623
1611
6405
417
1625
1623
6416
414
1611
1625
6355
1623
1625
1611
6420
63
1612
1592
6358
415
1615
1612
6371
409
1592
1615
6289
1612
1615
1592
6373
110
1622
1613
6401
417
1626
1622
6422
415
1613
1626
6363
1622
1626
1613
6425
108
1593
1621
6291
409
1624
1593
6410
417
1621
1624
6398
1593
1624
1621
6412
415
1626
1615
6421
417
1624
1626
6411
409
1615
1624
6370
1626
1624
1615
6426
4
1535
881
6075
393
1537
1535
6082
228
881
1537
3472
1535
1537
881
6084
104
1542
1536
6096
395
1544
1542
6105
393
1536
1544
6080
1542
1544
1536
6108
62
882
1541
3474
228
1543
882
6099
395
1541
1543
6094
882
1543
1541
6101
393
1544
1537
6104
395
1543
1544
6100
228
1537
1543
6081
1544
1543
1537
6109
30
1556
1539
6144
400
1558
1556
6150
394
1539
1558
6090
1556
1558
1539
6152
106
1565
1557
6179
402
1568
1565
6194
400
1557
1568
6148
1565
1568
1557
6197
104
1540
1564
6091
394
1566
1540
6183
402
1564
1566
6176
1540
1566
1564
6185
400
1568
1558
6193
402
1566
1568
6184
394
1558
1566
6149
1568
1566
1558
6198
19
884
1553
3480
229
1555
884
6140
399
1553
1555
6136
884
1555
1553
6142
62
1559
885
6153
401
1561
1559
6161
229
885
1561
3483
1559
1561
885
6164
106
1554
1560
6138
399
1563
1554
6169
401
1560
1563
6158
1554
1563
1560
6171
229
1561
1555
6160
401
1563
1561
6170
399
1555
1563
6141
1561
1563
1555
6174
104
1564
1542
6175
402
1567
1564
6189
395
1542
1567
6097
1564
1567
1542
6192
106
1560
1565
6157
401
1569
1560
6199
402
1565
1569
6180
1560
1569
1565
6201
62
1541
1559
6093
395
1562
1541
6165
401
1559
1562
6154
1541
1562
1559
6167
402
1569
1567
6200
401
1562
1569
6166
395
1567
1562
6188
1569
1562
1567
6202
31
1609
1631
6349
414
1634
1609
6451
419
1631
1634
6442
1609
1634
1631
6453
110
1651
1610
6529
423
1653
1651
6538
414
1610
1653
6353
1651
1653
1610
6541
111
1632
1652
6445
419
1655
1632
6547
423
1652
1655
6534
1632
1655
1652
6549
414
1653
1634
6537
423
1655
1653
6548
419
1634
1655
6452
1653
1655
1634
6552
19
1553
1605
6135
399
1608
1553
6345
413
1605
1608
6336
1553
1608
1605
6347
106
1617
1554
6380
416
1619
1617
6387
399
1554
1619
6139
1617
1619
1554
6390
110
1606
1618
6339
413
1620
1606
6391
416
1618
1620
6384
1606
1620
1618
6393
399
1619
1608
6386
416
1620
1619
6392
413
1608
1620
6346
1619
1620
1608
6396
30
1627
1556
6427
418
1630
1627
6438
400
1556
1630
6145
1627
1630
1556
6440
111
1641
1628
6481
421
1644
1641
6494
418
1628
1644
6432
1641
1644
1628
6497
106
1557
1640
6147
400
1642
1557
6484
421
1640
1642
6478
1557
1642
1640
6486
418
1644
1630
6493
421
1642
1644
6485
400
1630
1642
6437
1644
1642
1630
6498
110
1618
1651
6383
416
1654
1618
6542
423
1651
1654
6530
1618
1654
1651
6544
106
1640
1617
6477
421
1643
1640
6490
416
1617
1643
6381
1640
1643
1617
6492
111
1652
1641
6533
423
1656
1652
6554
421
1641
1656
6482
1652
1656
1641
6557
416
1643
1654
6489
421
1656
1643
6553
423
1654
1656
6543
1643
1656
1654
6556
11
1880
1833
7449
480
1882
1880
7455
467
1833
1882
7272
1880
1882
1833
7457
126
1886
1881
7465
482
1888
1886
7474
480
1881
1888
7453
1886
1888
1881
7477
122
1834
1885
7273
467
1887
1834
7468
482
1885
1887
7463
1834
1887
1885
7470
480
1888
1882
7473
482
1887
1888
7469
467
1882
1887
7454
1888
1887
1882
7478
35
1915
1883
7585
489
1917
1915
7592
481
1883
1917
7459
1915
1917
1883
7594
128
1930
1916
7647
492
1933
1930
7662
489
1916
1933
7590
1930
1933
1916
7665
126
1884
1929
7460
481
1931
1884
7651
492
1929
1931
7644
1884
1931
1929
7653
489
1933
1917
7661
492
1931
1933
7652
481
1917
1931
7591
1933
1931
1917
7666
34
1835
1911
7275
468
1913
1835
7577
488
1911
1913
7572
1835
1913
1911
7579
122
1919
1836
7599
490
1921
1919
7607
468
1836
1921
7278
1919
1921
1836
7610
128
1912
1920
7575
488
1923
1912
7615
490
1920
1923
7604
1912
1923
1920
7617
468
1921
1913
7606
490
1923
1921
7616
488
1913
1923
7578
1921
1923
1913
7620
126
1929
1886
7643
492
1932
1929
7657
482
1886
1932
7466
1929
1932
1886
7660
128
1920
1930
7603
490
1934
1920
7667
492
1930
1934
7648
1920
1934
1930
7669
122
1885
1919
7462
482
1922
1885
7611
490
1919
1922
7600
1885
1922
1919
7613
492
1934
1932
7668
490
1922
1934
7612
482
1932
1922
7656
1934
1922
1932
7670
6
1082
1871
4269
279
1873
1082
7424
477
1871
1873
7420
1082
1873
1871
7426
75
1876
1083
7432
479
1878
1876
7439
279
1083
1878
4273
1876
1878
1083
7442
125
1872
1877
7422
477
1879
1872
7443
479
1877
1879
7436
1872
1879
1877
7445
279
1878
1873
7438
479
1879
1878
7444
477
1873
1879
7425
1878
1879
1873
7448
22
1889
1085
7479
483
1891
1889
7486
280
1085
1891
4279
1889
1891
1085
7488
127
1897
1890
7506
485
1900
1897
7519
483
1890
1900
7484
1897
1900
1890
7522
75
1086
1896
4280
280
1898
1086
7509
485
1896
1898
7503
1086
1898
1896
7511
483
1900
1891
7518
485
1898
1900
7510
280
1891
1898
7485
1900
1898
1891
7523
35
1874
1893
7428
478
1895
1874
7498
484
1893
1895
7494
1874
1895
1893
7500
125
1905
1875
7541
487
1907
1905
7550
478
1875
1907
7431
1905
1907
1875
7553
127
1894
1906
7496
484
1909
1894
7559
487
1906
1909
7546
1894
1909
1906
7561
478
1907
1895
7549
487
1909
1907
7560
484
1895
1909
7499
1907
1909
1895
7564
75
1896
1876
7502
485
1899
1896
7515
479
1876
1899
7433
1896
1899
1876
7517
127
1906
1897
7545
487
1910
1906
7566
485
1897
1910
7507
1906
1910
1897
7569
125
1877
1905
7435
479
1908
1877
7554
487
1905
1908
7542
1877
1908
1905
7556
485
1910
1899
7565
487
1908
1910
7555
479
1899
1908
7514
1910
1908
1899
7570
5
1819
1073
7219
463
1821
1819
7226
276
1073
1821
4240
1819
1821
1073
7228
121
1826
1820
7240
465
1828
1826
7249
463
1820
1828
7224
1826
1828
1820
7252
74
1074
1825
4242
276
1827
1074
7243
465
1825
1827
7238
1074
1827
1825
7245
463
1828
1821
7248
465
1827
1828
7244
276
1821
1827
7225
1828
1827
1821
7253
34
1840
1823
7288
470
1842
1840
7294
464
1823
1842
7234
1840
1842
1823
7296
123
1849
1841
7323
472
1852
1849
7338
470
1841
1852
7292
1849
1852
1841
7341
121
1824
1848
7235
464
1850
1824
7327
472
1848
1850
7320
1824
1850
1848
7329
470
1852
1842
7337
472
1850
1852
7328
464
1842
1850
7293
1852
1850
1842
7342
22
1076
1837
4248
277
1839
1076
7284
469
1837
1839
7280
1076
1839
1837
7286
74
1843
1077
7297
471
1845
1843
7305
277
1077
1845
4251
1843
1845
1077
7308
123
1838
1844
7282
469
1847
1838
7313
471
1844
1847
7302
1838
1847
1844
7315
277
1845
1839
7304
471
1847
1845
7314
469
1839
1847
7285
1845
1847
1839
7318
121
1848
1826
7319
472
1851
1848
7333
465
1826
1851
7241
1848
1851
1826
7336
123
1844
1849
7301
471
1853
1844
7343
472
1849
1853
7324
1844
1853
1849
7345
74
1825
1843
7237
465
1846
1825
7309
471
1843
1846
7298
1825
1846
1843
7311
472
1853
1851
7344
471
1846
1853
7310
465
1851
1846
7332
1853
1846
1851
7346
35
1893
1915
7493
484
1918
1893
7595
489
1915
1918
7586
1893
1918
1915
7597
127
1935
1894
7673
493
1937
1935
7682
484
1894
1937
7497
1935
1937
1894
7685
128
1916
1936
7589
489
1939
1916
7691
493
1936
1939
7678
1916
1939
1936
7693
484
1937
1918
7681
493
1939
1937
7692
489
1918
1939
7596
1937
1939
1918
7696
22
1837
1889
7279
469
1892
1837
7489
483
1889
1892
7480
1837
1892
1889
7491
123
1901
1838
7524
486
1903
1901
7531
469
1838
1903
7283
1901
1903
1838
7534
127
1890
1902
7483
483
1904
1890
7535
486
1902
1904
7528
1890
1904
1902
7537
469
1903
1892
7530
486
1904
1903
7536
483
1892
1904
7490
1903
1904
1892
7540
34
1911
1840
7571
488
1914
1911
7582
470
1840
1914
7289
1911
1914
1840
7584
128
1925
1912
7625
491
1928
1925
7638
488
1912
1928
7576
1925
1928
1912
7641
123
1841
1924
7291
470
1926
1841
7628
491
1924
1926
7622
1841
1926
1924
7630
488
1928
1914
7637
491
1926
1928
7629
470
1914
1926
7581
1928
1926
1914
7642
127
1902
1935
7527
486
1938
1902
7686
493
1935
1938
7674
1902
1938
1935
7688
123
1924
1901
7621
491
1927
1924
7634
486
1901
1927
7525
1924
1927
1901
7636
128
1936
1925
7677
493
1940
1936
7698
491
1925
1940
7626
1936
1940
1925
7701
486
1927
1938
7633
491
1940
1927
7697
493
1938
1940
7687
1927
1940
1938
7700
12
2117
2169
8415
537
2171
2117
8620
551
2169
2171
8616
2117
2171
2169
8622
139
2174
2118
8628
553
2176
2174
8635
537
2118
2176
8418
2174
2176
2118
8638
143
2170
2175
8618
551
2177
2170
8639
553
2175
2177
8632
2170
2177
2175
8641
537
2176
2171
8634
553
2177
2176
8640
551
2171
2177
8621
2176
2177
2171
8644
38
2217
2119
8807
563
2219
2217
8814
538
2119
2219
8420
2217
2219
2119
8816
146
2226
2218
8839
565
2229
2226
8852
563
2218
2229
8812
2226
2229
2218
8855
139
2120
2225
8421
538
2227
2120
8842
565
2225
2227
8836
2120
2227
2225
8844
563
2229
2219
8851
565
2227
2229
8843
538
2219
2227
8813
2229
2227
2219
8856
39
2172
2221
8624
552
2223
2172
8827
564
2221
2223
8822
2172
2223
2221
8829
143
2235
2173
8879
567
2237
2235
8888
552
2173
2237
8627
2235
2237
2173
8891
146
2222
2236
8825
564
2239
2222
8897
567
2236
2239
8884
2222
2239
2236
8899
552
2237
2223
8887
567
2239
2237
8898
564
2223
2239
8828
2237
2239
2223
8902
139
2225
2174
8835
565
2228
2225
8848
553
2174
2228
8629
2225
2228
2174
8850
146
2236
2226
8883
567
2240
2236
8904
565
2226
2240
8840
2236
2240
2226
8907
143
2175
2235
8631
553
2238
2175
8892
567
2235
2238
8880
2175
2238
2235
8894
565
2240
2228
8903
567
2238
2240
8893
553
2228
2238
8847
2240
2238
2228
8908
2
1003
2103
3955
259
2105
1003
8369
533
2103
2105
8364
1003
2105
2103
8371
70
2109
1004
8381
535
2111
2109
8388
259
1004
2111
3959
2109
2111
1004
8391
138
2104
2110
8367
533
2112
2104
8392
535
2110
2112
8385
2104
2112
2110
8394
259
2111
2105
8387
535
2112
2111
8393
533
2105
2112
8370
2111
2112
2105
8397
21
2121
1006
8423
539
2123
2121
8429
260
1006
2123
3965
2121
2123
1006
8431
140
2128
2122
8445
541
2131
2128
8458
539
2122
2131
8427
2128
2131
2122
8461
70
1007
2127
3966
260
2129
1007
8448
541
2127
2129
8442
1007
2129
2127
8450
539
2131
2123
8457
541
2129
2131
8449
260
2123
2129
8428
2131
2129
2123
8462
38
2107
2124
8377
534
2126
2107
8437
540
2124
2126
8433
2107
2126
2124
8439
138
2132
2108
8463
542
2134
2132
8472
534
2108
2134
8380
2132
2134
2108
8475
140
2125
2133
8435
540
2136
2125
8481
542
2133
2136
8468
2125
2136
2133
8483
534
2134
2126
8471
542
2136
2134
8482
540
2126
2136
8438
2134
2136
2126
8486
70
2127
2109
8441
541
2130
2127
8454
535
2109
2130
8382
2127
2130
2109
8456
140
2133
2128
8467
542
2137
2133
8488
541
2128
2137
8446
2133
2137
2128
8491
138
2110
2132
8384
535
2135
2110
8476
542
2132
2135
8464
2110
2135
2132
8478
541
2137
2130
8487
542
2135
2137
8477
535
2130
2135
8453
2137
2135
2130
8492
6
2155
1012
8563
547
2157
2155
8570
262
1012
2157
3986
2155
2157
1012
8572
142
2162
2156
8584
549
2164
2162
8593
547
2156
2164
8568
2162
2164
2156
8596
71
1013
2161
3988
262
2163
1013
8587
549
2161
2163
8582
1013
2163
2161
8589
547
2164
2157
8592
549
2163
2164
8588
262
2157
2163
8569
2164
2163
2157
8597
39
2182
2159
8659
555
2184
2182
8665
548
2159
2184
8578
2182
2184
2159
8667
144
2195
2183
8711
558
2198
2195
8726
555
2183
2198
8663
2195
2198
2183
8729
142
2160
2194
8579
548
2196
2160
8715
558
2194
2196
8708
2160
2196
2194
8717
555
2198
2184
8725
558
2196
2198
8716
548
2184
2196
8664
2198
2196
2184
8730
21
1015
2178
3994
263
2180
1015
8651
554
2178
2180
8646
1015
2180
2178
8653
71
2185
1016
8668
556
2187
2185
8676
263
1016
2187
3997
2185
2187
1016
8679
144
2179
2186
8649
554
2189
2179
8684
556
2186
2189
8673
2179
2189
2186
8686
263
2187
2180
8675
556
2189
2187
8685
554
2180
2189
8652
2187
2189
2180
8689
142
2194
2162
8707
558
2197
2194
8721
549
2162
2197
8585
2194
2197
2162
8724
144
2186
2195
8672
556
2199
2186
8731
558
2195
2199
8712
2186
2199
2195
8733
71
2161
2185
8581
549
2188
2161
8680
556
2185
2188
8669
2161
2188
2185
8682
558
2199
2197
8732
556
2188
2199
8681
549
2197
2188
8720
2199
2188
2197
8734
38
2124
2217
8432
540
2220
2124
8817
563
2217
2220
8808
2124
2220
2217
8819
140
2230
2125
8857
566
2232
2230
8865
540
2125
2232
8436
2230
2232
2125
8868
146
2218
2231
8811
563
2234
2218
8873
566
2231
2234
8862
2218
2234
2231
8875
540
2232
2220
8864
566
2234
2232
8874
563
2220
2234
8818
2232
2234
2220
8878
21
2178
2121
8645
554
2181
2178
8656
539
2121
2181
8424
2178
2181
2121
8658
144
2191
2179
8693
557
2193
2191
8702
554
2179
2193
8650
2191
2193
2179
8705
140
2122
2190
8426
539
2192
2122
8696
557
2190
2192
8691
2122
2192
2190
8698
554
2193
2181
8701
557
2192
2193
8697
539
2181
2192
8655
2193
2192
2181
8706
39
2221
2182
8821
564
2224
2221
8832
555
2182
2224
8660
2221
2224
2182
8834
146
2242
2222
8913
568
2245
2242
8928
564
2222
2245
8826
2242
2245
2222
8931
144
2183
2241
8662
555
2243
2183
8917
568
2241
2243
8910
2183
2243
2241
8919
564
2245
2224
8927
568
2243
2245
8918
555
2224
2243
8831
2245
2243
2224
8932
140
2190
2230
8690
557
2233
2190
8869
566
2230
2233
8858
2190
2233
2230
8871
144
2241
2191
8909
568
2244
2241
8923
557
2191
2244
8694
2241
2244
2191
8926
146
2231
2242
8861
566
2246
2231
8933
568
2242
2246
8914
2231
2246
2242
8935
557
2244
2233
8922
568
2246
2244
8934
566
2233
2246
8870
2244
2246
2233
8938