163
169
167
169
172
174
164
174
168
175
173
175
174
175
169
175
176
178
165
178
183
186
177
186
166
184
182
184
186
184
178
184
170
181
179
181
187
189
171
189
180
191
188
191
189
191
181
191
182
185
172
185
188
192
183
192
173
190
187
190
192
190
185
190
167
195
193
195
198
200
168
200
194
201
199
201
200
201
195
201
202
204
170
204
209
212
203
212
171
210
208
210
212
210
204
210
196
207
205
207
213
215
197
215
206
217
214
217
215
217
207
217
208
211
198
211
214
218
209
218
199
216
213
216
218
216
211
216
193
221
219
221
224
226
194
226
220
227
225
227
226
227
221
227
228
230
196
230
235
238
229
238
197
236
234
236
238
236
230
236
222
233
231
233
239
241
223
241
232
243
240
243
241
243
233
243
234
237
224
237
240
244
235
244
225
242
239
242
244
242
237
242
219
248
245
248
255
257
220
257
246
258
256
258
257
258
248
258
276
278
222
278
283
286
277
286
223
284
282
284
286
284
278
284
249
281
279
281
287
289
250
289
280
291
288
291
289
291
281
291
282
285
255
285
288
292
283
292
256
290
287
290
292
290
285
290
245
247
163
247
252
254
246
254
164
253
251
253
254
253
247
253
262
264
249
264
271
274
263
274
250
272
270
272
274
272
264
272
165
261
259
261
265
267
166
267
260
269
266
269
267
269
261
269
270
273
252
273
266
275
271
275
251
268
265
268
275
268
273
268
569
572
494
572
580
582
570
582
495
581
579
581
582
581
572
581
617
620
573
620
638
641
618
641
574
639
637
639
641
639
620
639
497
616
613
616
626
628
498
628
614
630
627
630
628
630
616
630
637
640
580
640
627
642
638
642
579
629
626
629
642
629
640
629
494
496
424
496
500
502
495
502
425
501
499
501
502
501
496
501
507
510
497
510
528
531
508
531
498
529
527
529
531
529
510
529
427
506
503
506
516
518
428
518
504
520
517
520
518
520
506
520
527
530
500
530
517
532
528
532
499
519
516
519
532
519
530
519
424
426
354
426
430
432
425
432
355
431
429
431
432
431
426
431
437
440
427
440
458
461
438
461
428
459
457
459
461
459
440
459
357
436
433
436
446
448
358
448
434
450
447
450
448
450
436
450
457
460
430
460
447
462
458
462
429
449
446
449
462
449
460
449
354
356
319
356
360
362
355
362
320
361
359
361
362
361
356
361
367
370
357
370
388
391
368
391
358
389
387
389
391
389
370
389
321
366
363
366
376
378
322
378
364
380
377
380
378
380
366
380
387
390
360
390
377
392
388
392
359
379
376
379
392
379
390
379
319
571
569
571
575
577
320
577
570
578
576
578
577
578
571
578
583
586
321
586
597
600
584
600
322
598
596
598
600
598
586
598
573
590
587
590
607
609
574
609
588
611
608
611
609
611
590
611
596
599
575
599
608
612
597
612
576
610
607
610
612
610
599
610
302
326
323
326
333
335
303
335
324
336
334
336
335
336
326
336
363
365
305
365
372
375
364
375
306
373
371
373
375
373
365
373
327
369
367
369
381
383
328
383
368
385
382
385
383
385
369
385
371
374
333
374
382
386
372
386
334
384
381
384
386
384
374
384
337
396
393
396
403
405
338
405
394
406
404
406
405
406
396
406
433
435
340
435
442
445
434
445
341
443
441
443
445
443
435
443
397
439
437
439
451
453
398
453
438
455
452
455
453
455
439
455
441
444
403
444
452
456
442
456
404
454
451
454
456
454
444
454
407
466
463
466
473
475
408
475
464
476
474
476
475
476
466
476
503
505
410
505
512
515
504
515
411
513
511
513
515
513
505
513
467
509
507
509
521
523
468
523
508
525
522
525
523
525
509
525
511
514
473
514
522
526
512
526
474
524
521
524
526
524
514
524
477
550
547
550
559
561
478
561
548
562
560
562
561
562
550
562
613
615
480
615
622
625
614
625
481
623
621
623
625
623
615
623
551
619
617
619
631
633
552
633
618
635
632
635
633
635
619
635
621
624
559
624
632
636
622
636
560
634
631
634
636
634
624
634
533
536
293
536
544
546
534
546
294
545
543
545
546
545
536
545
587
589
537
589
602
605
588
605
538
603
601
603
605
603
589
603
296
585
583
585
591
593
297
593
584
595
592
595
593
595
585
595
601
604
544
604
592
606
602
606
543
594
591
594
606
594
604
594
305
307
296
307
314
317
306
317
297
315
313
315
317
315
307
315
179
304
302
304
308
310
180
310
303
312
309
312
310
312
304
312
293
295
176
295
299
301
294
301
177
300
298
300
301
300
295
300
309
318
314
318
298
311
308
311
313
316
299
316
311
316
318
316
340
342
327
342
349
352
341
352
328
350
348
350
352
350
342
350
205
339
337
339
343
345
206
345
338
347
344
347
345
347
339
347
323
325
202
325
330
332
324
332
203
331
329
331
332
331
325
331
344
353
349
353
329
346
343
346
348
351
330
351
346
351
353
351
410
412
397
412
419
422
411
422
398
420
418
420
422
420
412
420
231
409
407
409
413
415
232
415
408
417
414
417
415
417
409
417
393
395
228
395
400
402
394
402
229
401
399
401
402
401
395
401
414
423
419
423
399
416
413
416
418
421
400
421
416
421
423
421
480
482
467
482
489
492
481
492
468
490
488
490
492
490
482
490
279
479
477
479
483
485
280
485
478
487
484
487
485
487
479
487
463
465
276
465
470
472
464
472
277
471
469
471
472
471
465
471
484
493
489
493
469
486
483
486
488
491
470
491
486
491
493
491
537
553
551
553
563
565
538
565
552
567
564
567
565
567
553
567
259
535
533
535
539
541
260
541
534
542
540
542
541
542
535
542
547
549
262
549
555
558
548
558
263
556
554
556
558
556
549
556
540
566
563
566
554
557
539
557
564
568
555
568
557
568
566
568