1
43
45
163
13
47
43
172
14
45
47
168
43
47
45
174
2
48
44
176
15
50
48
183
13
44
50
166
48
50
44
186
3
46
49
170
14
51
46
187
15
49
51
180
46
51
49
189
13
50
47
182
15
51
50
188
14
47
51
173
50
51
47
192
1
45
52
167
14
54
45
198
16
52
54
194
45
54
52
200
3
55
46
202
17
57
55
209
14
46
57
171
55
57
46
212
4
53
56
196
16
58
53
213
17
56
58
206
53
58
56
215
14
57
54
208
17
58
57
214
16
54
58
199
57
58
54
218
1
52
59
193
16
61
52
224
18
59
61
220
52
61
59
226
4
62
53
228
19
64
62
235
16
53
64
197
62
64
53
238
5
60
63
222
18
65
60
239
19
63
65
232
60
65
63
241
16
64
61
234
19
65
64
240
18
61
65
225
64
65
61
244
1
59
66
219
18
69
59
255
20
66
69
246
59
69
66
257
5
74
60
276
22
76
74
283
18
60
76
223
74
76
60
286
6
67
75
249
20
77
67
287
22
75
77
280
67
77
75
289
18
76
69
282
22
77
76
288
20
69
77
256
76
77
69
292
1
66
43
245
20
68
66
252
13
43
68
164
66
68
43
254
6
71
67
262
21
73
71
271
20
67
73
250
71
73
67
274
2
44
70
165
13
72
44
265
21
70
72
260
44
72
70
267
20
73
68
270
21
72
73
266
13
68
72
251
73
72
68
275
7
147
129
569
40
150
147
580
36
129
150
495
147
150
129
582
12
158
148
617
42
162
158
638
40
148
162
574
158
162
148
641
11
130
157
497
36
160
130
626
42
157
160
614
130
160
157
628
40
162
150
637
42
160
162
627
36
150
160
579
162
160
150
642
7
129
112
494
36
131
129
500
32
112
131
425
129
131
112
502
11
133
130
507
37
137
133
528
36
130
137
498
133
137
130
531
10
113
132
427
32
135
113
516
37
132
135
504
113
135
132
518
36
137
131
527
37
135
137
517
32
131
135
499
137
135
131
532
7
112
95
424
32
114
112
430
28
95
114
355
112
114
95
432
10
116
113
437
33
120
116
458
32
113
120
428
116
120
113
461
9
96
115
357
28
118
96
446
33
115
118
434
96
118
115
448
32
120
114
457
33
118
120
447
28
114
118
429
120
118
114
462
7
95
85
354
28
97
95
360
25
85
97
320
95
97
85
362
9
99
96
367
29
103
99
388
28
96
103
358
99
103
96
391
8
86
98
321
25
101
86
376
29
98
101
364
86
101
98
378
28
103
97
387
29
101
103
377
25
97
101
359
103
101
97
392
7
85
147
319
25
149
85
575
40
147
149
570
85
149
147
577
8
151
86
583
41
154
151
597
25
86
154
322
151
154
86
600
12
148
152
573
40
156
148
607
41
152
156
588
148
156
152
609
25
154
149
596
41
156
154
608
40
149
156
576
154
156
149
612
3
81
87
302
24
90
81
333
26
87
90
324
81
90
87
335
8
98
82
363
29
100
98
372
24
82
100
306
98
100
82
375
9
88
99
327
26
102
88
381
29
99
102
368
88
102
99
383
24
100
90
371
29
102
100
382
26
90
102
334
100
102
90
386
4
91
104
337
27
107
91
403
30
104
107
394
91
107
104
405
9
115
92
433
33
117
115
442
27
92
117
341
115
117
92
445
10
105
116
397
30
119
105
451
33
116
119
438
105
119
116
453
27
117
107
441
33
119
117
452
30
107
119
404
117
119
107
456
5
108
121
407
31
124
108
473
34
121
124
464
108
124
121
475
10
132
109
503
37
134
132
512
31
109
134
411
132
134
109
515
11
122
133
467
34
136
122
521
37
133
136
508
122
136
133
523
31
134
124
511
37
136
134
522
34
124
136
474
134
136
124
526
6
125
142
477
35
145
125
559
39
142
145
548
125
145
142
561
11
157
126
613
42
159
157
622
35
126
159
481
157
159
126
625
12
143
158
551
39
161
143
631
42
158
161
618
143
161
158
633
35
159
145
621
42
161
159
632
39
145
161
560
159
161
145
636
2
138
78
533
38
141
138
544
23
78
141
294
138
141
78
546
12
152
139
587
41
155
152
602
38
139
155
538
152
155
139
605
8
79
151
296
23
153
79
591
41
151
153
584
79
153
151
593
38
155
141
601
41
153
155
592
23
141
153
543
155
153
141
606
8
82
79
305
24
84
82
314
23
79
84
297
82
84
79
317
3
49
81
179
15
83
49
308
24
81
83
303
49
83
81
310
2
78
48
293
23
80
78
299
15
48
80
177
78
80
48
301
24
83
84
309
15
80
83
298
23
84
80
313
83
80
84
311
9
92
88
340
27
94
92
349
26
88
94
328
92
94
88
352
4
56
91
205
17
93
56
343
27
91
93
338
56
93
91
345
3
87
55
323
26
89
87
330
17
55
89
203
87
89
55
332
27
93
94
344
17
89
93
329
26
94
89
348
93
89
94
346
10
109
105
410
31
111
109
419
30
105
111
398
109
111
105
422
5
63
108
231
19
110
63
413
31
108
110
408
63
110
108
415
4
104
62
393
30
106
104
400
19
62
106
229
104
106
62
402
31
110
111
414
19
106
110
399
30
111
106
418
110
106
111
416
11
126
122
480
35
128
126
489
34
122
128
468
126
128
122
492
6
75
125
279
22
127
75
483
35
125
127
478
75
127
125
485
5
121
74
463
34
123
121
470
22
74
123
277
121
123
74
472
35
127
128
484
22
123
127
469
34
128
123
488
127
123
128
486
12
139
143
537
38
146
139
563
39
143
146
552
139
146
143
565
2
70
138
259
21
140
70
539
38
138
140
534
70
140
138
541
6
142
71
547
39
144
142
555
21
71
144
263
142
144
71
558
38
140
146
540
21
144
140
554
39
146
144
564
140
144
146
557