167
163
169
167
164
172
174
164
173
168
175
173
169
174
175
169
165
176
178
165
177
183
186
177
182
166
184
182
178
186
184
178
179
170
181
179
171
187
189
171
188
180
191
188
181
189
191
181
172
182
185
172
183
188
192
183
187
173
190
187
185
192
190
185
193
167
195
193
168
198
200
168
199
194
201
199
195
200
201
195
170
202
204
170
203
209
212
203
208
171
210
208
204
212
210
204
205
196
207
205
197
213
215
197
214
206
217
214
207
215
217
207
198
208
211
198
209
214
218
209
213
199
216
213
211
218
216
211
219
193
221
219
194
224
226
194
225
220
227
225
221
226
227
221
196
228
230
196
229
235
238
229
234
197
236
234
230
238
236
230
231
222
233
231
223
239
241
223
240
232
243
240
233
241
243
233
224
234
237
224
235
240
244
235
239
225
242
239
237
244
242
237
245
219
248
245
220
255
257
220
256
246
258
256
248
257
258
248
222
276
278
222
277
283
286
277
282
223
284
282
278
286
284
278
279
249
281
279
250
287
289
250
288
280
291
288
281
289
291
281
255
282
285
255
283
288
292
283
287
256
290
287
285
292
290
285
163
245
247
163
246
252
254
246
251
164
253
251
247
254
253
247
249
262
264
249
263
271
274
263
270
250
272
270
264
274
272
264
259
165
261
259
166
265
267
166
266
260
269
266
261
267
269
261
252
270
273
252
271
266
275
271
265
251
268
265
273
275
268
273
494
569
572
494
570
580
582
570
579
495
581
579
572
582
581
572
573
617
620
573
618
638
641
618
637
574
639
637
620
641
639
620
613
497
616
613
498
626
628
498
627
614
630
627
616
628
630
616
580
637
640
580
638
627
642
638
626
579
629
626
640
642
629
640
424
494
496
424
495
500
502
495
499
425
501
499
496
502
501
496
497
507
510
497
508
528
531
508
527
498
529
527
510
531
529
510
503
427
506
503
428
516
518
428
517
504
520
517
506
518
520
506
500
527
530
500
528
517
532
528
516
499
519
516
530
532
519
530
354
424
426
354
425
430
432
425
429
355
431
429
426
432
431
426
427
437
440
427
438
458
461
438
457
428
459
457
440
461
459
440
433
357
436
433
358
446
448
358
447
434
450
447
436
448
450
436
430
457
460
430
458
447
462
458
446
429
449
446
460
462
449
460
319
354
356
319
355
360
362
355
359
320
361
359
356
362
361
356
357
367
370
357
368
388
391
368
387
358
389
387
370
391
389
370
363
321
366
363
322
376
378
322
377
364
380
377
366
378
380
366
360
387
390
360
388
377
392
388
376
359
379
376
390
392
379
390
569
319
571
569
320
575
577
320
576
570
578
576
571
577
578
571
321
583
586
321
584
597
600
584
596
322
598
596
586
600
598
586
587
573
590
587
574
607
609
574
608
588
611
608
590
609
611
590
575
596
599
575
597
608
612
597
607
576
610
607
599
612
610
599
323
302
326
323
303
333
335
303
334
324
336
334
326
335
336
326
305
363
365
305
364
372
375
364
371
306
373
371
365
375
373
365
367
327
369
367
328
381
383
328
382
368
385
382
369
383
385
369
333
371
374
333
372
382
386
372
381
334
384
381
374
386
384
374
393
337
396
393
338
403
405
338
404
394
406
404
396
405
406
396
340
433
435
340
434
442
445
434
441
341
443
441
435
445
443
435
437
397
439
437
398
451
453
398
452
438
455
452
439
453
455
439
403
441
444
403
442
452
456
442
451
404
454
451
444
456
454
444
463
407
466
463
408
473
475
408
474
464
476
474
466
475
476
466
410
503
505
410
504
512
515
504
511
411
513
511
505
515
513
505
507
467
509
507
468
521
523
468
522
508
525
522
509
523
525
509
473
511
514
473
512
522
526
512
521
474
524
521
514
526
524
514
547
477
550
547
478
559
561
478
560
548
562
560
550
561
562
550
480
613
615
480
614
622
625
614
621
481
623
621
615
625
623
615
617
551
619
617
552
631
633
552
632
618
635
632
619
633
635
619
559
621
624
559
622
632
636
622
631
560
634
631
624
636
634
624
293
533
536
293
534
544
546
534
543
294
545
543
536
546
545
536
537
587
589
537
588
602
605
588
601
538
603
601
589
605
603
589
583
296
585
583
297
591
593
297
592
584
595
592
585
593
595
585
544
601
604
544
602
592
606
602
591
543
594
591
604
606
594
604
296
305
307
296
306
314
317
306
313
297
315
313
307
317
315
307
302
179
304
302
180
308
310
180
309
303
312
309
304
310
312
304
176
293
295
176
294
299
301
294
298
177
300
298
295
301
300
295
314
309
318
314
308
298
311
308
299
313
316
299
318
311
316
318
327
340
342
327
341
349
352
341
348
328
350
348
342
352
350
342
337
205
339
337
206
343
345
206
344
338
347
344
339
345
347
339
202
323
325
202
324
330
332
324
329
203
331
329
325
332
331
325
349
344
353
349
343
329
346
343
330
348
351
330
353
346
351
353
397
410
412
397
411
419
422
411
418
398
420
418
412
422
420
412
407
231
409
407
232
413
415
232
414
408
417
414
409
415
417
409
228
393
395
228
394
400
402
394
399
229
401
399
395
402
401
395
419
414
423
419
413
399
416
413
400
418
421
400
423
416
421
423
467
480
482
467
481
489
492
481
488
468
490
488
482
492
490
482
477
279
479
477
280
483
485
280
484
478
487
484
479
485
487
479
276
463
465
276
464
470
472
464
469
277
471
469
465
472
471
465
489
484
493
489
483
469
486
483
470
488
491
470
493
486
491
493
551
537
553
551
538
563
565
538
564
552
567
564
553
565
567
553
533
259
535
533
260
539
541
260
540
534
542
540
535
541
542
535
262
547
549
262
548
555
558
548
554
263
556
554
549
558
556
549
563
540
566
563
539
554
557
539
555
564
568
555
566
557
568
566