0
0.894427190999916
0.276393202250021
-0.723606797749979
-0.723606797749979
0.276393202250021
0
0.723606797749979
-0.276393202250021
-0.894427190999916
-0.276393202250021
0.723606797749979
0.525731112119134
0.162459848116453
0.688190960235587
-0.425325404176020
-0.262865556059567
-0.425325404176020
-0.850650808352040
0.162459848116453
0.688190960235587
-0.262865556059567
0.951056516295154
0.587785252292473
0.425325404176020
3.26286360315105e-17
-0.587785252292473
-0.162459848116453
0.262865556059567
-0.951056516295154
-0.951056516295154
-0.525731112119134
-0.688190960235587
-0.587785252292473
-1.30514544126042e-16
-0.162459848116453
-0.688190960235587
0.951056516295154
0.587785252292473
0.425325404176020
0.850650808352040
0.262865556059567
0.273266528912672
0.738175316342912
0.0844440014278685
0.228108717578063
0.361803398874990
0.822619317770781
0.501375246490735
0.638196601125011
0.447213595499958
-0.221077265884204
-0.597196375749519
-0.138196601125010
0.00703145169385850
-0.512752374321650
-0.0527864045000420
-0.361803398874989
-0.221077265884204
-0.597196375749519
-0.447213595499958
-0.818273641633723
-0.818273641633723
-0.670820393249937
-0.670820393249937
0.0844440014278684
0.228108717578063
0.361803398874989
-0.138196601125011
0.822619317770781
0.501375246490734
0.638196601125010
0.447213595499958
-0.512752374321651
0.00703145169385830
-0.361803398874990
-0.0527864045000422
0.959252582227117
0.870462904662191
0.861803398874990
0.449185983462267
0.681640377177388
0.670820393249937
0.809016994374948
0.221077265884204
0.597196375749519
0.143664716150194
-0.143664716150194
-0.138196601125010
0.309016994374947
-0.681640377177387
-0.449185983462267
-0.447213595499958
-0.309016994374947
-0.0844440014278685
-0.228108717578063
0.138196601125011
0.512752374321650
-0.00703145169385841
0.447213595499958
0.361803398874990
0.138196601125011
0.0527864045000421
-0.870462904662191
-0.959252582227117
-0.947213595499958
-0.809016994374947
-0.870462904662191
-0.959252582227117
-0.947213595499958
-1
-0.273266528912672
-0.738175316342912
-0.361803398874990
-0.501375246490734
-0.822619317770781
-0.670820393249937
-0.447213595499958
-0.861803398874990
-0.638196601125011
-0.681640377177388
-0.449185983462267
-0.447213595499958
-0.809016994374948
0.143664716150194
-0.143664716150194
-0.138196601125011
-0.309016994374948
-0.0844440014278685
-0.228108717578063
-0.361803398874990
-0.822619317770781
-0.501375246490735
-0.861803398874990
-0.638196601125011
-0.670820393249937
-0.447213595499958
0.959252582227117
0.870462904662191
0.861803398874990
1
0.449185983462267
0.681640377177387
0.670820393249937
0.309016994374947
0.809016994374947
0.221077265884204
0.597196375749519
0.447213595499958
0.138196601125010
0.818273641633723
0.818273641633723
0.947213595499958
0.670820393249937
0.947213595499958
0.670820393249937
-0.00703145169385850
0.512752374321650
0.138196601125010
0.0527864045000420
0.447213595499958
0.361803398874989
0.137952242127634
0.403355348617364
0.824181348836593
0.638053721177060
0.0426295872295664
0.124643657494797
0.181208072861900
0.254686043237374
0.197169443167886
0.449298870157429
0.265399127155609
0.320819927623878
0.225431960172069
0.866810936066160
0.762697378671857
0.790663298370569
0.392638285365008
0.600524791785250
0.369540094854695
0.589218109298938
0.671460574578300
0.695305382328287
0.506731853971387
0.737964178219844
0.308636549890347
0.574778758171530
0.341154329821961
0.409954681453976
0.479201093165327
0.550011921255218
-0.111605708293383
-0.326321331803479
-0.0692153247973785
-0.666776717655671
-0.516196303756416
0.0122828457086082
-0.285273188990708
-0.0271543406322308
-0.181495314087027
0.143080334943991
-0.129151888635593
0.119116697195416
-0.624147130426104
-0.391552646261619
-0.562274959544507
0.0555202684433466
-0.159793300976607
0.0885680290176611
-0.0967771725174106
-0.0231141485455784
-0.398470231296200
-0.316227766016838
-0.484460411089123
-0.253365926985693
-0.441801615197567
-0.210085859701862
-0.111605708293383
-0.326321331803479
-0.223985496129044
-0.666776717655671
-0.516196303756416
-0.441707654030939
-0.441707654030939
-0.337602233076689
-0.337602233076689
-0.778382425949054
-0.842517635559895
-0.717045130876173
-0.778382425949054
-0.842517635559895
-0.717045130876173
-0.554904696336431
-0.770218265756385
-0.640567330078785
-0.566543435922258
-0.752249507642025
-0.554904696336431
-0.770218265756385
-0.640567330078785
-0.566543435922258
-0.752249507642025
-0.679852123106710
0.0426295872295663
0.124643657494797
0.181208072861900
-0.0692153247973785
0.254686043237374
0.197169443167886
0.449298870157429
0.265399127155609
0.320819927623878
0.225431960172069
-0.285273188990708
0.0122828457086081
-0.181495314087027
-0.0271543406322309
0.866810936066160
0.762697378671857
0.790663298370569
0.392638285365008
0.600524791785250
0.369540094854695
0.589218109298937
0.671460574578300
0.695305382328287
0.506731853971386
0.737964178219843
0.308636549890347
0.574778758171530
0.341154329821961
0.409954681453976
0.479201093165326
0.550011921255217
-0.624147130426105
-0.391552646261619
-0.562274959544508
0.143080334943991
-0.129151888635593
0.119116697195416
-0.398470231296200
-0.316227766016838
-0.484460411089123
-0.253365926985693
-0.441801615197567
0.0555202684433464
-0.159793300976607
0.0885680290176609
-0.0967771725174107
-0.0231141485455786
-0.210085859701862
0.935787057129977
0.964375052980540
0.902656046435091
0.804728959783305
0.919551652373780
0.784657616883792
0.917728721024384
0.850924205976568
0.919947587648251
0.366291751530758
0.523490774971365
0.481532842919217
0.709406304885237
0.640839961251213
0.786260455673551
0.687975800477023
0.637147161615794
0.592161120922051
0.776629295624121
0.565796535141925
0.891006524188368
0.707106781186548
0.848427229945939
0.846657915524742
0.753039262494129
0.749880743007331
0.111605708293383
0.326321331803479
0.666776717655671
0.516196303756416
0.212056456007808
0.0725257856730889
0.0763392739282729
0.300324770057316
-0.212056456007808
-0.0725257856730888
-0.203030723711345
-0.0699596195707541
-0.0662610397785157
0.00276234189316721
0.453990499739547
0.156434465040231
0.383023370861413
0.228682397406617
-0.709406304885237
-0.640839961251213
-0.605052382811651
-0.366291751530757
-0.523490774971365
-0.300324770057316
-0.359465188751576
-0.523950119310301
-0.484948506430504
-0.296645994269524
-0.570266098213617
-0.156434465040231
-0.453990499739547
-0.228682397406617
-0.226617374368903
-0.383023370861413
-0.383206128837186
-0.0426295872295664
-0.124643657494797
0.0692153247973785
-0.254686043237374
-0.197169443167886
0.285273188990708
-0.0122828457086082
0.181495314087027
0.0271543406322309
0.624147130426105
0.391552646261619
0.605052382811651
0.562274959544508
-0.143080334943991
0.129151888635593
-0.0763392739282728
-0.119116697195416
0.523950119310301
0.359465188751576
0.570266098213617
0.383206128837186
0.484948506430504
0.398470231296200
0.316227766016838
0.484460411089123
0.253365926985693
0.441801615197567
0.0699596195707542
0.203030723711345
-0.00276234189316710
0.226617374368903
0.0662610397785158
0.296645994269524
-0.0555202684433466
0.159793300976607
-0.0885680290176611
0.0967771725174106
0.0231141485455785
0.210085859701862
-0.804728959783305
-0.919551652373780
-0.855475780470929
-0.786260455673551
-0.935787057129977
-0.964375052980540
-0.910137504897893
-0.960966143759122
-0.891875780689600
-0.918240366469726
-0.707106781186547
-0.891006524188368
-0.753039262494129
-0.848427229945939
-0.804728959783305
-0.919551652373780
-0.855475780470929
-0.935787057129977
-0.964375052980540
-0.971871371232469
-0.910137504897893
-0.960966143759122
-0.891875780689600
-0.959966602709193
-0.918240366469726
-0.987688340595138
-0.987688340595138
-0.989760724172039
-0.986715155325983
-0.989760724172039
-0.986715155325983
-0.137952242127634
-0.403355348617364
-0.181208072861900
-0.824181348836593
-0.638053721177060
-0.265399127155609
-0.449298870157429
-0.225431960172069
-0.320819927623878
-0.392638285365008
-0.600524791785250
-0.481532842919216
-0.369540094854695
-0.866810936066160
-0.762697378671857
-0.902656046435091
-0.790663298370569
-0.637147161615793
-0.687975800477022
-0.565796535141925
-0.749880743007331
-0.592161120922051
-0.308636549890347
-0.574778758171530
-0.341154329821961
-0.409954681453976
-0.479201093165327
-0.917728721024384
-0.784657616883792
-0.919947587648251
-0.846657915524742
-0.850924205976568
-0.776629295624121
-0.589218109298938
-0.671460574578300
-0.695305382328287
-0.506731853971387
-0.737964178219843
-0.550011921255218
-0.709406304885237
-0.640839961251213
-0.605052382811651
-0.786260455673551
-0.366291751530758
-0.523490774971365
-0.359465188751576
-0.523950119310301
-0.484948506430504
-0.570266098213617
-0.891006524188368
-0.707106781186548
-0.848427229945939
-0.753039262494129
0.212056456007808
0.0725257856730887
0.0763392739282727
-0.212056456007808
-0.0725257856730890
-0.300324770057316
-0.203030723711346
-0.0699596195707543
-0.0662610397785159
-0.296645994269524
0.00276234189316701
-0.453990499739547
-0.156434465040231
-0.383023370861413
-0.383206128837186
-0.228682397406617
-0.226617374368903
-0.0426295872295664
-0.124643657494797
-0.181208072861900
-0.254686043237374
-0.197169443167886
-0.449298870157429
-0.265399127155609
-0.320819927623878
-0.225431960172069
-0.866810936066160
-0.762697378671857
-0.902656046435091
-0.790663298370569
-0.392638285365008
-0.600524791785250
-0.481532842919217
-0.369540094854695
-0.917728721024384
-0.784657616883792
-0.919947587648251
-0.846657915524742
-0.850924205976568
-0.589218109298938
-0.671460574578300
-0.695305382328287
-0.506731853971387
-0.737964178219844
-0.637147161615794
-0.687975800477023
-0.565796535141925
-0.749880743007331
-0.592161120922051
-0.776629295624121
-0.308636549890347
-0.574778758171530
-0.341154329821961
-0.409954681453976
-0.479201093165327
-0.550011921255218
0.935787057129977
0.964375052980540
0.902656046435091
0.971871371232469
0.804728959783305
0.919551652373780
0.784657616883792
0.917728721024384
0.850924205976568
0.919947587648251
0.987688340595138
0.987688340595138
0.989760724172039
0.989760724172039
0.366291751530757
0.523490774971365
0.481532842919216
0.300324770057316
0.709406304885237
0.640839961251213
0.786260455673551
0.687975800477022
0.637147161615793
0.592161120922051
0.776629295624121
0.565796535141925
0.156434465040231
0.453990499739547
0.228682397406617
0.383023370861413
0.891006524188368
0.707106781186547
0.848427229945939
0.846657915524742
0.753039262494129
0.749880743007331
0.111605708293383
0.326321331803479
0.223985496129044
0.0692153247973785
0.666776717655671
0.516196303756416
0.441707654030939
0.441707654030939
0.337602233076689
0.337602233076689
-0.0122828457086082
0.285273188990708
0.0271543406322308
0.181495314087027
0.778382425949054
0.842517635559895
0.855475780470929
0.717045130876173
0.778382425949054
0.842517635559895
0.855475780470929
0.717045130876173
0.960966143759122
0.910137504897893
0.918240366469726
0.986715155325983
0.891875780689600
0.554904696336431
0.770218265756385
0.640567330078785
0.566543435922258
0.752249507642025
0.960966143759122
0.910137504897893
0.918240366469726
0.986715155325983
0.891875780689600
0.959966602709193
0.554904696336431
0.770218265756385
0.640567330078785
0.566543435922258
0.752249507642025
0.679852123106710
-0.143080334943991
0.129151888635593
-0.0763392739282729
-0.119116697195416
0.624147130426104
0.391552646261619
0.605052382811651
0.562274959544507
0.0699596195707540
0.203030723711345
-0.00276234189316725
0.226617374368903
0.0662610397785157
-0.0555202684433466
0.159793300976607
-0.0885680290176611
0.0967771725174106
0.0231141485455784
0.523950119310301
0.359465188751576
0.570266098213617
0.383206128837186
0.484948506430504
0.296645994269524
0.398470231296200
0.316227766016838
0.484460411089123
0.253365926985693
0.441801615197567
0.210085859701862
