0
0
0.850650808352040
0.525731112119134
-0.525731112119134
-0.850650808352040
0
0.525731112119134
0.850650808352040
1.66533453693773e-16
-0.850650808352040
-0.525731112119134
0
0.500000000000000
0.500000000000000
0.309016994374948
0.809016994374948
-0.309016994374947
1.30514544126042e-16
-0.500000000000000
-0.500000000000000
-0.809016994374947
0.309016994374947
0.809016994374948
0.309016994374947
1
0.809016994374948
0.500000000000000
0.809016994374948
0.309016994374948
-0.309016994374947
9.78859080945315e-17
0.500000000000000
-0.809016994374948
-1
-0.500000000000000
-0.500000000000000
-0.309016994374948
-0.809016994374948
-0.309016994374948
-6.52572720630210e-17
-0.809016994374948
0
0
0.259891913007754
0.702046444776163
0.262865556059567
0.259891913007754
0.702046444776163
0.262865556059567
0.525731112119134
0.160622035640023
0.433888564552695
0.425325404176020
0.862668480416186
0.693780477560450
0.688190960235587
0.587785252292473
-0.160622035640023
-0.433888564552695
5.83678785436452e-17
0.273266528912672
-0.273266528912672
0.162459848116453
-0.162459848116453
-0.259891913007754
-0.702046444776163
-0.262865556059567
-0.425325404176020
-0.259891913007754
-0.702046444776163
-0.262865556059567
-0.525731112119134
-0.693780477560449
-0.862668480416186
-0.587785252292473
-0.688190960235587
0.160622035640023
0.433888564552695
0.425325404176020
0.862668480416186
0.693780477560449
0.688190960235587
0.587785252292473
0.160622035640023
0.433888564552695
0.961938357783918
0.961938357783918
0.951056516295154
0.951056516295154
0.693780477560449
0.862668480416186
0.850650808352040
0.951056516295154
0.259891913007754
0.702046444776163
0.425325404176020
0.693780477560449
0.862668480416186
0.850650808352040
0.587785252292473
0.951056516295154
0.688190960235587
0.433888564552695
0.160622035640023
0.162459848116453
0.587785252292473
-0.433888564552695
-0.160622035640023
-0.162459848116453
2.04287574902758e-16
5.08795118223781e-17
1.37440907542904e-16
0.262865556059567
0.702046444776163
0.259891913007755
0.688190960235587
0.525731112119134
0.425325404176020
0.262865556059567
-0.693780477560449
-0.862668480416186
-0.850650808352040
-0.587785252292473
-0.961938357783918
-0.961938357783918
-0.951056516295154
-0.951056516295154
-0.259891913007754
-0.702046444776163
-0.262865556059567
-0.259891913007754
-0.702046444776163
-0.425325404176020
-0.262865556059567
-0.688190960235587
-0.525731112119134
-0.160622035640023
-0.433888564552695
-0.425325404176020
-2.91839392718226e-17
-0.862668480416186
-0.693780477560449
-0.688190960235587
-0.951056516295154
-0.587785252292473
-0.160622035640023
-0.433888564552695
-2.91839392718226e-17
-0.425325404176020
0.273266528912672
-0.273266528912672
0.162459848116453
0.162459848116453
-0.162459848116453
-0.162459848116453
-0.862668480416186
-0.693780477560450
-0.951056516295154
-0.688190960235587
-0.850650808352040
-0.587785252292473
0
0
0
0
0.131200378813013
0.383613732685048
0.131655371352065
0.783843042419971
0.606825149271814
0.133071104140591
0.386187385587592
0.132792476827902
0.264082750659066
0.131200378813013
0.383613732685048
0.131655371352065
0.783843042419971
0.606825149271814
0.711281734962216
0.133071104140591
0.386187385587592
0.132792476827902
0.266404701134567
0.264082750659066
0.519258489728183
0.519258489728183
0.620239582613447
0.399607051701851
0.620239582613447
0.399607051701851
0.0810862934433036
0.237086325350576
0.213022865649130
0.484441642060668
0.375038567478210
0.468429850866954
0.371748034460185
0.346153014788992
0.296004592577769
0.864929335863275
0.843911474622390
0.792649229259281
0.615642020873681
0.758652300163257
0.571251659135709
0.601500955007546
0.757935420047777
0.702309846743374
0.564254211765772
0.783451698363313
0.453990499739547
0.707106781186548
0.516121620051061
0.513375441230448
0.647411893882224
0.646577791797732
-0.0810862934433035
-0.237086325350576
4.21810425627623e-17
-0.484441642060668
-0.375038567478210
0.156434465040231
-0.156434465040231
0.0811418516199397
-0.0811418516199396
0.403355348617364
0.137952242127634
0.358228793486579
-0.403355348617364
-0.137952242127634
-0.358228793486579
0.238676930319593
0.0822424652793624
0.301258879093232
0.0823235800319603
0.220117027473293
-0.238676930319593
-0.0822424652793622
-0.301258879093232
-0.0823235800319601
-0.220117027473292
9.84524400282545e-17
-0.131200378813013
-0.383613732685048
-0.131655371352065
-0.213022865649130
-0.783843042419971
-0.606825149271814
-0.133071104140591
-0.386187385587592
-0.132792476827902
-0.264082750659066
-0.371748034460184
-0.468429850866954
-0.296004592577769
-0.346153014788992
-0.131200378813013
-0.383613732685048
-0.131655371352065
-0.783843042419971
-0.606825149271814
-0.711281734962216
-0.133071104140591
-0.386187385587592
-0.132792476827903
-0.266404701134568
-0.264082750659066
-0.519258489728183
-0.519258489728184
-0.620239582613447
-0.399607051701851
-0.620239582613447
-0.399607051701851
-0.615642020873681
-0.758652300163257
-0.571251659135709
-0.864929335863275
-0.843911474622390
-0.792649229259282
-0.453990499739547
-0.707106781186548
-0.516121620051061
-0.513375441230448
-0.647411893882224
-0.601500955007546
-0.757935420047777
-0.702309846743374
-0.564254211765772
-0.783451698363313
-0.646577791797732
0.0810862934433035
0.237086325350576
0.213022865649130
0.484441642060668
0.375038567478210
0.468429850866954
0.371748034460184
0.346153014788992
0.296004592577769
0.864929335863275
0.843911474622390
0.792649229259281
0.615642020873681
0.758652300163257
0.571251659135709
0.601500955007546
0.757935420047777
0.702309846743374
0.564254211765772
0.783451698363313
0.453990499739547
0.707106781186548
0.516121620051061
0.513375441230448
0.647411893882224
0.646577791797732
0.0810862934433035
0.237086325350576
0.484441642060668
0.375038567478210
0.915043421232984
0.990438881956862
0.924304600611346
0.924304600611346
0.915043421232984
0.990438881956862
0.891006524188368
0.987688340595138
0.916244175191216
0.966392597402439
0.891006524188368
0.987688340595138
0.916244175191216
0.966392597402439
0.615642020873681
0.758652300163258
0.702907030487774
0.864929335863275
0.843911474622390
0.924304600611346
0.840177885327139
0.840177885327139
0.780204370710127
0.912982492932299
0.780204370710127
0.987688340595138
0.891006524188368
0.966392597402439
0.963861263467623
0.916244175191216
0.912982492932299
0.131200378813013
0.383613732685048
0.213022865649130
0.783843042419971
0.606825149271814
0.371748034460184
0.468429850866954
0.296004592577769
0.346153014788992
0.615642020873681
0.758652300163257
0.702907030487773
0.571251659135709
0.864929335863275
0.843911474622390
0.924304600611346
0.792649229259282
0.840177885327139
0.840177885327139
0.780204370710127
0.912982492932299
0.780204370710127
0.453990499739547
0.707106781186548
0.516121620051061
0.513375441230448
0.647411893882224
0.987688340595138
0.891006524188368
0.966392597402439
0.963861263467623
0.916244175191216
0.912982492932299
0.601500955007546
0.757935420047777
0.702309846743374
0.564254211765772
0.783451698363313
0.646577791797732
0.484441642060668
0.375038567478210
0.358228793486579
0.571251659135709
0.0810862934433037
0.237086325350576
0.0822424652793625
0.238676930319593
0.220117027473293
0.301258879093232
0.707106781186548
0.453990499739547
0.647411893882224
0.516121620051061
-0.484441642060668
-0.375038567478210
-0.358228793486579
-0.0810862934433033
-0.237086325350576
1.96844865292891e-16
-0.0822424652793622
-0.238676930319593
-0.220117027473292
1.68775611477008e-16
-0.301258879093232
0.156434465040231
-0.156434465040231
0.0811418516199398
0.0823235800319604
-0.0811418516199395
-0.0823235800319600
2.56853364449166e-17
7.51007571628175e-17
0.131655371352065
1.53454376021719e-16
1.18799261582142e-16
0.386187385587592
0.133071104140591
0.264082750659066
0.132792476827903
0.783843042419971
0.606825149271814
0.792649229259282
0.711281734962216
0.131200378813013
0.383613732685048
0.213022865649130
0.131655371352065
0.757935420047777
0.601500955007546
0.783451698363313
0.646577791797732
0.702309846743374
0.519258489728183
0.519258489728184
0.620239582613447
0.399607051701851
0.620239582613447
0.371748034460185
0.468429850866954
0.296004592577769
0.513375441230448
0.346153014788992
0.564254211765772
0.133071104140591
0.386187385587592
0.132792476827903
0.266404701134568
0.264082750659066
0.399607051701851
-0.615642020873681
-0.758652300163257
-0.702907030487773
-0.571251659135709
-0.864929335863275
-0.843911474622390
-0.840177885327139
-0.840177885327139
-0.780204370710127
-0.780204370710127
-0.453990499739547
-0.707106781186547
-0.516121620051061
-0.647411893882224
-0.915043421232984
-0.990438881956862
-0.924304600611346
-0.915043421232984
-0.990438881956862
-0.924304600611346
-0.891006524188368
-0.987688340595138
-0.916244175191216
-0.912982492932299
-0.966392597402439
-0.891006524188368
-0.987688340595138
-0.916244175191216
-0.912982492932299
-0.966392597402439
-0.963861263467623
-0.131200378813013
-0.383613732685048
-0.131655371352065
-0.783843042419971
-0.606825149271814
-0.133071104140591
-0.386187385587592
-0.132792476827902
-0.264082750659066
-0.131200378813013
-0.383613732685048
-0.213022865649130
-0.131655371352064
-0.783843042419971
-0.606825149271814
-0.792649229259281
-0.711281734962216
-0.371748034460184
-0.468429850866954
-0.296004592577768
-0.513375441230448
-0.346153014788992
-0.133071104140591
-0.386187385587592
-0.132792476827902
-0.266404701134567
-0.264082750659065
-0.757935420047777
-0.601500955007546
-0.783451698363313
-0.646577791797732
-0.702309846743374
-0.564254211765771
-0.519258489728183
-0.519258489728183
-0.620239582613447
-0.399607051701851
-0.620239582613447
-0.399607051701851
-0.0810862934433035
-0.237086325350576
-0.213022865649130
-2.81206950418415e-17
-0.484441642060668
-0.375038567478210
-0.468429850866954
-0.371748034460185
-0.346153014788992
-0.296004592577769
0.156434465040231
-0.156434465040231
0.0811418516199396
-0.0811418516199397
-0.864929335863275
-0.843911474622390
-0.792649229259282
-0.924304600611346
-0.615642020873681
-0.758652300163257
-0.571251659135709
-0.601500955007546
-0.757935420047777
-0.702309846743374
-0.564254211765772
-0.783451698363313
-0.987688340595138
-0.891006524188368
-0.966392597402439
-0.916244175191216
-0.453990499739547
-0.707106781186548
-0.516121620051061
-0.513375441230448
-0.647411893882224
-0.646577791797732
-0.0810862934433036
-0.237086325350576
-2.81206950418415e-17
-0.213022865649130
-0.484441642060668
-0.375038567478210
0.156434465040231
-0.156434465040231
0.0811418516199396
-0.0811418516199397
-0.468429850866954
-0.371748034460185
-0.346153014788992
-0.296004592577769
0.403355348617364
0.137952242127634
0.358228793486579
0.358228793486579
-0.403355348617364
-0.137952242127634
-0.358228793486579
-0.358228793486579
0.238676930319593
0.0822424652793623
0.301258879093232
0.0823235800319602
0.220117027473292
0.238676930319593
0.0822424652793623
0.301258879093232
0.0823235800319601
0.220117027473292
-0.238676930319593
-0.0822424652793624
-0.301258879093232
-0.0823235800319602
-0.220117027473293
-5.62585371590026e-17
-0.238676930319593
-0.0822424652793624
-0.301258879093232
-0.0823235800319602
-0.220117027473293
-5.62585371590026e-17
-0.864929335863275
-0.843911474622390
-0.924304600611346
-0.792649229259281
-0.615642020873681
-0.758652300163257
-0.702907030487774
-0.571251659135709
-0.987688340595138
-0.891006524188368
-0.966392597402439
-0.963861263467623
-0.916244175191216
-0.601500955007546
-0.757935420047777
-0.702309846743374
-0.564254211765772
-0.783451698363313
-0.840177885327139
-0.840177885327139
-0.780204370710127
-0.912982492932299
-0.780204370710127
-0.912982492932299
-0.453990499739547
-0.707106781186548
-0.516121620051061
-0.513375441230448
-0.647411893882224
-0.646577791797732
