1
0.447213595499958
0.447213595499958
0.447213595499958
0.447213595499958
0.447213595499958
-1
-0.447213595499958
-0.447213595499958
-0.447213595499958
-0.447213595499958
-0.447213595499958
0.850650808352040
0.850650808352040
0.525731112119134
0.850650808352040
0.525731112119134
0.850650808352040
0.525731112119134
0.850650808352040
0.525731112119134
0.525731112119134
0
0
-0.850650808352040
0
0
-0.850650808352040
-0.525731112119134
0
0
-0.850650808352040
-0.525731112119134
0
0
-0.850650808352040
-0.525731112119134
0
0
-0.850650808352040
-0.525731112119134
-0.525731112119134
0.961938357783918
0.674608925483529
0.961938357783918
0.674608925483529
0.894427190999916
0.505720922627792
0.505720922627792
0.723606797749979
0.723606797749979
0.961938357783918
0.674608925483529
0.894427190999916
0.505720922627792
0.505720922627792
0.723606797749979
0.723606797749979
0.961938357783918
0.674608925483529
0.894427190999916
0.505720922627792
0.505720922627792
0.723606797749979
0.723606797749979
0.961938357783918
0.674608925483529
0.894427190999916
0.894427190999916
0.505720922627792
0.505720922627792
0.723606797749979
0.723606797749979
0.505720922627792
0.505720922627792
0.723606797749979
0.723606797749979
0.232454393715120
-0.232454393715120
0.276393202250021
0.232454393715120
-0.232454393715120
0.276393202250021
0
-0.961938357783918
-0.674608925483529
0.232454393715120
-0.232454393715120
0.276393202250021
0
0.232454393715120
-0.232454393715120
0.276393202250021
0
-0.961938357783918
-0.674608925483529
-0.894427190999916
-0.505720922627792
-0.505720922627792
-0.276393202250021
-0.723606797749979
-0.276393202250021
-0.723606797749979
0.232454393715120
-0.232454393715120
0.276393202250021
0
0.232454393715120
-0.232454393715120
0.276393202250021
0
-0.961938357783918
-0.674608925483529
-0.894427190999916
-0.505720922627792
-0.505720922627792
-0.276393202250021
-0.723606797749979
-0.276393202250021
-0.723606797749979
0.232454393715120
-0.232454393715120
0.276393202250021
0
0.232454393715120
-0.232454393715120
0.276393202250021
0
-0.961938357783918
-0.674608925483529
-0.894427190999916
-0.505720922627792
-0.505720922627792
-0.276393202250021
-0.723606797749979
-0.276393202250021
-0.723606797749979
0.232454393715120
-0.232454393715120
0.276393202250021
0
0.232454393715120
-0.232454393715120
0.276393202250021
0
0
-0.961938357783918
-0.674608925483529
-0.894427190999916
-0.894427190999916
-0.505720922627792
-0.505720922627792
-0.276393202250021
-0.723606797749979
-0.276393202250021
-0.723606797749979
-0.505720922627792
-0.505720922627792
-0.276393202250021
-0.723606797749979
-0.276393202250021
-0.723606797749979
0.990438881956862
0.915043421232984
0.566325969941246
0.769991849886806
0.990438881956862
0.915043421232984
0.974592477666346
0.566325969941246
0.769991849886806
0.883415308061877
0.883415308061877
0.937785013815704
0.937785013815704
0.481066795482114
0.520704534897212
0.597928433680756
0.481066795482114
0.520704534897212
0.597928433680756
0.796940462592400
0.632455532033676
0.706340274515920
0.819909362907952
0.621022682732807
0.796940462592401
0.632455532033676
0.706340274515920
0.819909362907952
0.621022682732807
0.733349228340290
0.990438881956862
0.915043421232984
0.974592477666346
0.566325969941246
0.769991849886806
0.883415308061877
0.883415308061877
0.937785013815704
0.937785013815704
0.481066795482114
0.520704534897212
0.597928433680756
0.481066795482114
0.520704534897212
0.597928433680756
0.796940462592401
0.632455532033676
0.706340274515920
0.819909362907952
0.621022682732807
0.796940462592401
0.632455532033676
0.706340274515920
0.819909362907952
0.621022682732807
0.733349228340290
0.990438881956862
0.915043421232984
0.974592477666346
0.566325969941246
0.769991849886807
0.883415308061877
0.883415308061877
0.937785013815704
0.937785013815704
0.481066795482114
0.520704534897212
0.597928433680756
0.481066795482114
0.520704534897212
0.597928433680756
0.796940462592401
0.632455532033676
0.706340274515920
0.819909362907952
0.621022682732807
0.796940462592401
0.632455532033676
0.706340274515920
0.819909362907952
0.621022682732807
0.733349228340290
0.990438881956862
0.915043421232984
0.974592477666346
0.974592477666346
0.566325969941246
0.769991849886806
0.883415308061877
0.883415308061877
0.937785013815704
0.937785013815704
0.883415308061877
0.883415308061877
0.937785013815704
0.937785013815704
0.481066795482114
0.520704534897212
0.597928433680756
0.481066795482114
0.520704534897212
0.597928433680756
0.796940462592401
0.632455532033676
0.706340274515920
0.819909362907952
0.621022682732807
0.796940462592400
0.632455532033676
0.706340274515920
0.819909362907952
0.621022682732807
0.733349228340290
0.481066795482114
0.520704534897212
0.597928433680756
0.481066795482114
0.520704534897212
0.597928433680756
0.796940462592401
0.632455532033676
0.706340274515920
0.819909362907952
0.621022682732807
0.796940462592400
0.632455532033676
0.706340274515920
0.819909362907952
0.621022682732807
0.733349228340290
0.343114553354480
0.117349186279848
0.373942937551713
-0.343114553354480
-0.117349186279848
0.406061447422691
0.139919239141508
0.395102627219358
0.257055863875992
0.343114553354480
0.117349186279848
0.373942937551713
-0.343114553354480
-0.117349186279848
-0.235512287956956
0.406061447422691
0.139919239141508
0.395102627219358
0.280114479602483
0.257055863875992
0
0
-0.117429590828417
0.140057239801242
-0.117429590828417
0.140057239801242
-0.990438881956862
-0.915043421232984
-0.566325969941246
-0.769991849886806
0.343114553354480
0.117349186279848
0.373942937551713
0.235512287956956
-0.343114553354480
-0.117349186279848
0.406061447422691
0.139919239141508
0.395102627219358
0.257055863875992
0
0
0.117429590828417
0.117429590828417
0.343114553354480
0.117349186279848
0.373942937551713
-0.343114553354480
-0.117349186279848
-0.235512287956956
0.406061447422691
0.139919239141508
0.395102627219358
0.280114479602483
0.257055863875992
0
0
-0.117429590828417
0.140057239801242
-0.117429590828417
0.140057239801242
-0.990438881956862
-0.915043421232984
-0.974592477666346
-0.566325969941246
-0.769991849886806
-0.883415308061877
-0.883415308061877
-0.937785013815704
-0.937785013815704
-0.481066795482114
-0.520704534897212
-0.373942937551713
-0.597928433680756
-0.481066795482114
-0.520704534897212
-0.373942937551713
-0.597928433680756
-0.139919239141508
-0.406061447422691
-0.257055863875992
-0.140057239801242
-0.395102627219358
-0.796940462592401
-0.632455532033676
-0.706340274515920
-0.819909362907952
-0.621022682732807
-0.139919239141508
-0.406061447422691
-0.257055863875992
-0.140057239801242
-0.395102627219358
-0.280114479602483
-0.796940462592400
-0.632455532033676
-0.706340274515920
-0.819909362907952
-0.621022682732807
-0.733349228340290
0.343114553354480
0.117349186279848
0.373942937551713
0.235512287956956
-0.343114553354480
-0.117349186279848
0.406061447422691
0.139919239141508
0.395102627219358
0.257055863875992
0
0
0.117429590828417
0.117429590828417
0.343114553354480
0.117349186279848
0.373942937551713
-0.343114553354480
-0.117349186279848
-0.235512287956956
0.406061447422691
0.139919239141508
0.395102627219358
0.280114479602483
0.257055863875992
0
0
-0.117429590828417
0.140057239801242
-0.117429590828417
0.140057239801242
-0.990438881956862
-0.915043421232984
-0.974592477666346
-0.566325969941246
-0.769991849886806
-0.883415308061877
-0.883415308061877
-0.937785013815704
-0.937785013815704
-0.481066795482114
-0.520704534897212
-0.373942937551713
-0.597928433680756
-0.481066795482114
-0.520704534897212
-0.373942937551713
-0.597928433680756
-0.139919239141508
-0.406061447422691
-0.257055863875992
-0.140057239801242
-0.395102627219358
-0.796940462592400
-0.632455532033676
-0.706340274515920
-0.819909362907952
-0.621022682732807
-0.139919239141508
-0.406061447422691
-0.257055863875992
-0.140057239801242
-0.395102627219358
-0.280114479602483
-0.796940462592400
-0.632455532033676
-0.706340274515920
-0.819909362907952
-0.621022682732807
-0.733349228340290
0.343114553354480
0.117349186279848
0.373942937551713
0.235512287956956
-0.343114553354480
-0.117349186279848
0.406061447422691
0.139919239141508
0.395102627219358
0.257055863875992
0
0
0.117429590828417
0.117429590828417
0.343114553354480
0.117349186279848
0.373942937551713
-0.343114553354480
-0.117349186279848
-0.235512287956956
0.406061447422691
0.139919239141508
0.395102627219358
0.280114479602483
0.257055863875992
0
0
-0.117429590828417
0.140057239801242
-0.117429590828417
0.140057239801242
-0.990438881956862
-0.915043421232984
-0.974592477666346
-0.566325969941246
-0.769991849886806
-0.883415308061877
-0.883415308061877
-0.937785013815704
-0.937785013815704
-0.481066795482114
-0.520704534897212
-0.373942937551713
-0.597928433680756
-0.481066795482114
-0.520704534897212
-0.373942937551713
-0.597928433680756
-0.139919239141508
-0.406061447422691
-0.257055863875992
-0.140057239801242
-0.395102627219358
-0.796940462592400
-0.632455532033676
-0.706340274515920
-0.819909362907952
-0.621022682732807
-0.139919239141508
-0.406061447422691
-0.257055863875992
-0.140057239801242
-0.395102627219358
-0.280114479602483
-0.796940462592401
-0.632455532033676
-0.706340274515920
-0.819909362907952
-0.621022682732807
-0.733349228340290
0.343114553354480
0.117349186279848
0.373942937551713
0.235512287956956
-0.343114553354480
-0.117349186279848
0.406061447422691
0.139919239141508
0.395102627219358
0.257055863875992
0
0
0.117429590828417
0.117429590828417
0.343114553354480
0.117349186279848
0.373942937551713
0.235512287956956
-0.343114553354480
-0.117349186279848
-0.235512287956956
0.406061447422691
0.139919239141508
0.395102627219358
0.280114479602483
0.257055863875992
0
0
0.117429590828417
0.117429590828417
0
0
-0.117429590828417
0.140057239801242
-0.117429590828417
0.140057239801242
-0.990438881956862
-0.915043421232984
-0.974592477666346
-0.974592477666346
-0.566325969941246
-0.769991849886806
-0.883415308061877
-0.883415308061877
-0.937785013815704
-0.937785013815704
-0.883415308061877
-0.883415308061877
-0.937785013815704
-0.937785013815704
-0.481066795482114
-0.520704534897212
-0.373942937551713
-0.597928433680756
-0.481066795482114
-0.520704534897212
-0.373942937551713
-0.597928433680756
-0.139919239141508
-0.406061447422691
-0.257055863875992
-0.140057239801242
-0.395102627219358
-0.796940462592401
-0.632455532033676
-0.706340274515920
-0.819909362907952
-0.621022682732807
-0.139919239141508
-0.406061447422691
-0.257055863875992
-0.140057239801242
-0.395102627219358
-0.280114479602483
-0.796940462592401
-0.632455532033676
-0.706340274515920
-0.819909362907952
-0.621022682732807
-0.733349228340290
-0.481066795482114
-0.520704534897212
-0.373942937551713
-0.597928433680756
-0.481066795482114
-0.520704534897212
-0.373942937551713
-0.597928433680756
-0.139919239141508
-0.406061447422691
-0.257055863875992
-0.140057239801242
-0.395102627219358
-0.796940462592401
-0.632455532033676
-0.706340274515920
-0.819909362907952
-0.621022682732807
-0.139919239141508
-0.406061447422691
-0.257055863875992
-0.140057239801242
-0.395102627219358
-0.280114479602483
-0.796940462592401
-0.632455532033676
-0.706340274515920
-0.819909362907952
-0.621022682732807
-0.733349228340290
